[0, 0] [27, 27]
[28, 0] [55, 27]
[56, 0] [83, 27]
[84, 0] [111, 27]
[112, 0] [139, 27]
[140, 0] [167, 27]
[168, 0] [195, 27]
[196, 0] [223, 27]
[224, 0] [251, 27]
[252, 0] [279, 27]
[280, 0] [307, 27]
[308, 0] [335, 27]
[336, 0] [363, 27]
[364, 0] [391, 27]
[392, 0] [419, 27]
[420, 0] [447, 27]
[448, 0] [475, 27]
[476, 0] [503, 27]
[504, 0] [531, 27]
[532, 0] [559, 27]
[560, 0] [587, 27]
[588, 0] [615, 27]
[616, 0] [643, 27]
[644, 0] [671, 27]
[672, 0] [699, 27]
[700, 0] [727, 27]
[728, 0] [755, 27]
[756, 0] [783, 27]
[784, 0] [811, 27]
[812, 0] [839, 27]
[840, 0] [867, 27]
[868, 0] [895, 27]
[896, 0] [923, 27]
[924, 0] [951, 27]
[952, 0] [979, 27]
[980, 0] [1007, 27]
[1008, 0] [1035, 27]
[1036, 0] [1063, 27]
[1064, 0] [1091, 27]
[1092, 0] [1119, 27]
[1120, 0] [1147, 27]
[1148, 0] [1175, 27]
[1176, 0] [1203, 27]
[1204, 0] [1231, 27]
[1232, 0] [1259, 27]
[1260, 0] [1287, 27]
[1288, 0] [1315, 27]
[1316, 0] [1343, 27]
[1344, 0] [1371, 27]
[1372, 0] [1399, 27]
[1400, 0] [1427, 27]
[1428, 0] [1455, 27]
[1456, 0] [1483, 27]
[1484, 0] [1511, 27]
[1512, 0] [1539, 27]
[1540, 0] [1567, 27]
[1568, 0] [1595, 27]
[1596, 0] [1623, 27]
[1624, 0] [1651, 27]
[1652, 0] [1679, 27]
[1680, 0] [1707, 27]
[1708, 0] [1735, 27]
[1736, 0] [1763, 27]
[1764, 0] [1791, 27]
[1792, 0] [1819, 27]
[0, 28] [27, 55]
[28, 28] [55, 55]
[56, 28] [83, 55]
[84, 28] [111, 55]
[112, 28] [139, 55]
[140, 28] [167, 55]
[168, 28] [195, 55]
[196, 28] [223, 55]
[224, 28] [251, 55]
[252, 28] [279, 55]
[280, 28] [307, 55]
[308, 28] [335, 55]
[336, 28] [363, 55]
[364, 28] [391, 55]
[392, 28] [419, 55]
[420, 28] [447, 55]
[448, 28] [475, 55]
[476, 28] [503, 55]
[504, 28] [531, 55]
[532, 28] [559, 55]
[560, 28] [587, 55]
[588, 28] [615, 55]
[616, 28] [643, 55]
[644, 28] [671, 55]
[672, 28] [699, 55]
[700, 28] [727, 55]
[728, 28] [755, 55]
[756, 28] [783, 55]
[784, 28] [811, 55]
[812, 28] [839, 55]
[840, 28] [867, 55]
[868, 28] [895, 55]
[896, 28] [923, 55]
[924, 28] [951, 55]
[952, 28] [979, 55]
[980, 28] [1007, 55]
[1008, 28] [1035, 55]
[1036, 28] [1063, 55]
[1064, 28] [1091, 55]
[1092, 28] [1119, 55]
[1120, 28] [1147, 55]
[1148, 28] [1175, 55]
[1176, 28] [1203, 55]
[1204, 28] [1231, 55]
[1232, 28] [1259, 55]
[1260, 28] [1287, 55]
[1288, 28] [1315, 55]
[1316, 28] [1343, 55]
[1344, 28] [1371, 55]
[1372, 28] [1399, 55]
[1400, 28] [1427, 55]
[1428, 28] [1455, 55]
[1456, 28] [1483, 55]
[1484, 28] [1511, 55]
[1512, 28] [1539, 55]
[1540, 28] [1567, 55]
[1568, 28] [1595, 55]
[1596, 28] [1623, 55]
[1624, 28] [1651, 55]
[1652, 28] [1679, 55]
[1680, 28] [1707, 55]
[1708, 28] [1735, 55]
[1736, 28] [1763, 55]
[1764, 28] [1791, 55]
[1792, 28] [1819, 55]
[0, 56] [27, 83]
[28, 56] [55, 83]
[56, 56] [83, 83]
[84, 56] [111, 83]
[112, 56] [139, 83]
[140, 56] [167, 83]
[168, 56] [195, 83]
[196, 56] [223, 83]
[224, 56] [251, 83]
[252, 56] [279, 83]
[280, 56] [307, 83]
[308, 56] [335, 83]
[336, 56] [363, 83]
[364, 56] [391, 83]
[392, 56] [419, 83]
[420, 56] [447, 83]
[448, 56] [475, 83]
[476, 56] [503, 83]
[504, 56] [531, 83]
[532, 56] [559, 83]
[560, 56] [587, 83]
[588, 56] [615, 83]
[616, 56] [643, 83]
[644, 56] [671, 83]
[672, 56] [699, 83]
[700, 56] [727, 83]
[728, 56] [755, 83]
[756, 56] [783, 83]
[784, 56] [811, 83]
[812, 56] [839, 83]
[840, 56] [867, 83]
[868, 56] [895, 83]
[896, 56] [923, 83]
[924, 56] [951, 83]
[952, 56] [979, 83]
[980, 56] [1007, 83]
[1008, 56] [1035, 83]
[1036, 56] [1063, 83]
[1064, 56] [1091, 83]
[1092, 56] [1119, 83]
[1120, 56] [1147, 83]
[1148, 56] [1175, 83]
[1176, 56] [1203, 83]
[1204, 56] [1231, 83]
[1232, 56] [1259, 83]
[1260, 56] [1287, 83]
[1288, 56] [1315, 83]
[1316, 56] [1343, 83]
[1344, 56] [1371, 83]
[1372, 56] [1399, 83]
[1400, 56] [1427, 83]
[1428, 56] [1455, 83]
[1456, 56] [1483, 83]
[1484, 56] [1511, 83]
[1512, 56] [1539, 83]
[1540, 56] [1567, 83]
[1568, 56] [1595, 83]
[1596, 56] [1623, 83]
[1624, 56] [1651, 83]
[1652, 56] [1679, 83]
[1680, 56] [1707, 83]
[1708, 56] [1735, 83]
[1736, 56] [1763, 83]
[1764, 56] [1791, 83]
[1792, 56] [1819, 83]
[0, 84] [27, 111]
[28, 84] [55, 111]
[56, 84] [83, 111]
[84, 84] [111, 111]
[112, 84] [139, 111]
[140, 84] [167, 111]
[168, 84] [195, 111]
[196, 84] [223, 111]
[224, 84] [251, 111]
[252, 84] [279, 111]
[280, 84] [307, 111]
[308, 84] [335, 111]
[336, 84] [363, 111]
[364, 84] [391, 111]
[392, 84] [419, 111]
[420, 84] [447, 111]
[448, 84] [475, 111]
[476, 84] [503, 111]
[504, 84] [531, 111]
[532, 84] [559, 111]
[560, 84] [587, 111]
[588, 84] [615, 111]
[616, 84] [643, 111]
[644, 84] [671, 111]
[672, 84] [699, 111]
[700, 84] [727, 111]
[728, 84] [755, 111]
[756, 84] [783, 111]
[784, 84] [811, 111]
[812, 84] [839, 111]
[840, 84] [867, 111]
[868, 84] [895, 111]
[896, 84] [923, 111]
[924, 84] [951, 111]
[952, 84] [979, 111]
[980, 84] [1007, 111]
[1008, 84] [1035, 111]
[1036, 84] [1063, 111]
[1064, 84] [1091, 111]
[1092, 84] [1119, 111]
[1120, 84] [1147, 111]
[1148, 84] [1175, 111]
[1176, 84] [1203, 111]
[1204, 84] [1231, 111]
[1232, 84] [1259, 111]
[1260, 84] [1287, 111]
[1288, 84] [1315, 111]
[1316, 84] [1343, 111]
[1344, 84] [1371, 111]
[1372, 84] [1399, 111]
[1400, 84] [1427, 111]
[1428, 84] [1455, 111]
[1456, 84] [1483, 111]
[1484, 84] [1511, 111]
[1512, 84] [1539, 111]
[1540, 84] [1567, 111]
[1568, 84] [1595, 111]
[1596, 84] [1623, 111]
[1624, 84] [1651, 111]
[1652, 84] [1679, 111]
[1680, 84] [1707, 111]
[1708, 84] [1735, 111]
[1736, 84] [1763, 111]
[1764, 84] [1791, 111]
[1792, 84] [1819, 111]
[0, 112] [27, 139]
[28, 112] [55, 139]
[56, 112] [83, 139]
[84, 112] [111, 139]
[112, 112] [139, 139]
[140, 112] [167, 139]
[168, 112] [195, 139]
[196, 112] [223, 139]
[224, 112] [251, 139]
[252, 112] [279, 139]
[280, 112] [307, 139]
[308, 112] [335, 139]
[336, 112] [363, 139]
[364, 112] [391, 139]
[392, 112] [419, 139]
[420, 112] [447, 139]
[448, 112] [475, 139]
[476, 112] [503, 139]
[504, 112] [531, 139]
[532, 112] [559, 139]
[560, 112] [587, 139]
[588, 112] [615, 139]
[616, 112] [643, 139]
[644, 112] [671, 139]
[672, 112] [699, 139]
[700, 112] [727, 139]
[728, 112] [755, 139]
[756, 112] [783, 139]
[784, 112] [811, 139]
[812, 112] [839, 139]
[840, 112] [867, 139]
[868, 112] [895, 139]
[896, 112] [923, 139]
[924, 112] [951, 139]
[952, 112] [979, 139]
[980, 112] [1007, 139]
[1008, 112] [1035, 139]
[1036, 112] [1063, 139]
[1064, 112] [1091, 139]
[1092, 112] [1119, 139]
[1120, 112] [1147, 139]
[1148, 112] [1175, 139]
[1176, 112] [1203, 139]
[1204, 112] [1231, 139]
[1232, 112] [1259, 139]
[1260, 112] [1287, 139]
[1288, 112] [1315, 139]
[1316, 112] [1343, 139]
[1344, 112] [1371, 139]
[1372, 112] [1399, 139]
[1400, 112] [1427, 139]
[1428, 112] [1455, 139]
[1456, 112] [1483, 139]
[1484, 112] [1511, 139]
[1512, 112] [1539, 139]
[1540, 112] [1567, 139]
[1568, 112] [1595, 139]
[1596, 112] [1623, 139]
[1624, 112] [1651, 139]
[1652, 112] [1679, 139]
[1680, 112] [1707, 139]
[1708, 112] [1735, 139]
[1736, 112] [1763, 139]
[1764, 112] [1791, 139]
[1792, 112] [1819, 139]
[0, 140] [27, 167]
[28, 140] [55, 167]
[56, 140] [83, 167]
[84, 140] [111, 167]
[112, 140] [139, 167]
[140, 140] [167, 167]
[168, 140] [195, 167]
[196, 140] [223, 167]
[224, 140] [251, 167]
[252, 140] [279, 167]
[280, 140] [307, 167]
[308, 140] [335, 167]
[336, 140] [363, 167]
[364, 140] [391, 167]
[392, 140] [419, 167]
[420, 140] [447, 167]
[448, 140] [475, 167]
[476, 140] [503, 167]
[504, 140] [531, 167]
[532, 140] [559, 167]
[560, 140] [587, 167]
[588, 140] [615, 167]
[616, 140] [643, 167]
[644, 140] [671, 167]
[672, 140] [699, 167]
[700, 140] [727, 167]
[728, 140] [755, 167]
[756, 140] [783, 167]
[784, 140] [811, 167]
[812, 140] [839, 167]
[840, 140] [867, 167]
[868, 140] [895, 167]
[896, 140] [923, 167]
[924, 140] [951, 167]
[952, 140] [979, 167]
[980, 140] [1007, 167]
[1008, 140] [1035, 167]
[1036, 140] [1063, 167]
[1064, 140] [1091, 167]
[1092, 140] [1119, 167]
[1120, 140] [1147, 167]
[1148, 140] [1175, 167]
[1176, 140] [1203, 167]
[1204, 140] [1231, 167]
[1232, 140] [1259, 167]
[1260, 140] [1287, 167]
[1288, 140] [1315, 167]
[1316, 140] [1343, 167]
[1344, 140] [1371, 167]
[1372, 140] [1399, 167]
[1400, 140] [1427, 167]
[1428, 140] [1455, 167]
[1456, 140] [1483, 167]
[1484, 140] [1511, 167]
[1512, 140] [1539, 167]
[1540, 140] [1567, 167]
[1568, 140] [1595, 167]
[1596, 140] [1623, 167]
[1624, 140] [1651, 167]
[1652, 140] [1679, 167]
[1680, 140] [1707, 167]
[1708, 140] [1735, 167]
[1736, 140] [1763, 167]
[1764, 140] [1791, 167]
[1792, 140] [1819, 167]
[0, 168] [27, 195]
[28, 168] [55, 195]
[56, 168] [83, 195]
[84, 168] [111, 195]
[112, 168] [139, 195]
[140, 168] [167, 195]
[168, 168] [195, 195]
[196, 168] [223, 195]
[224, 168] [251, 195]
[252, 168] [279, 195]
[280, 168] [307, 195]
[308, 168] [335, 195]
[336, 168] [363, 195]
[364, 168] [391, 195]
[392, 168] [419, 195]
[420, 168] [447, 195]
[448, 168] [475, 195]
[476, 168] [503, 195]
[504, 168] [531, 195]
[532, 168] [559, 195]
[560, 168] [587, 195]
[588, 168] [615, 195]
[616, 168] [643, 195]
[644, 168] [671, 195]
[672, 168] [699, 195]
[700, 168] [727, 195]
[728, 168] [755, 195]
[756, 168] [783, 195]
[784, 168] [811, 195]
[812, 168] [839, 195]
[840, 168] [867, 195]
[868, 168] [895, 195]
[896, 168] [923, 195]
[924, 168] [951, 195]
[952, 168] [979, 195]
[980, 168] [1007, 195]
[1008, 168] [1035, 195]
[1036, 168] [1063, 195]
[1064, 168] [1091, 195]
[1092, 168] [1119, 195]
[1120, 168] [1147, 195]
[1148, 168] [1175, 195]
[1176, 168] [1203, 195]
[1204, 168] [1231, 195]
[1232, 168] [1259, 195]
[1260, 168] [1287, 195]
[1288, 168] [1315, 195]
[1316, 168] [1343, 195]
[1344, 168] [1371, 195]
[1372, 168] [1399, 195]
[1400, 168] [1427, 195]
[1428, 168] [1455, 195]
[1456, 168] [1483, 195]
[1484, 168] [1511, 195]
[1512, 168] [1539, 195]
[1540, 168] [1567, 195]
[1568, 168] [1595, 195]
[1596, 168] [1623, 195]
[1624, 168] [1651, 195]
[1652, 168] [1679, 195]
[1680, 168] [1707, 195]
[1708, 168] [1735, 195]
[1736, 168] [1763, 195]
[1764, 168] [1791, 195]
[1792, 168] [1819, 195]
[0, 196] [27, 223]
[28, 196] [55, 223]
[56, 196] [83, 223]
[84, 196] [111, 223]
[112, 196] [139, 223]
[140, 196] [167, 223]
[168, 196] [195, 223]
[196, 196] [223, 223]
[224, 196] [251, 223]
[252, 196] [279, 223]
[280, 196] [307, 223]
[308, 196] [335, 223]
[336, 196] [363, 223]
[364, 196] [391, 223]
[392, 196] [419, 223]
[420, 196] [447, 223]
[448, 196] [475, 223]
[476, 196] [503, 223]
[504, 196] [531, 223]
[532, 196] [559, 223]
[560, 196] [587, 223]
[588, 196] [615, 223]
[616, 196] [643, 223]
[644, 196] [671, 223]
[672, 196] [699, 223]
[700, 196] [727, 223]
[728, 196] [755, 223]
[756, 196] [783, 223]
[784, 196] [811, 223]
[812, 196] [839, 223]
[840, 196] [867, 223]
[868, 196] [895, 223]
[896, 196] [923, 223]
[924, 196] [951, 223]
[952, 196] [979, 223]
[980, 196] [1007, 223]
[1008, 196] [1035, 223]
[1036, 196] [1063, 223]
[1064, 196] [1091, 223]
[1092, 196] [1119, 223]
[1120, 196] [1147, 223]
[1148, 196] [1175, 223]
[1176, 196] [1203, 223]
[1204, 196] [1231, 223]
[1232, 196] [1259, 223]
[1260, 196] [1287, 223]
[1288, 196] [1315, 223]
[1316, 196] [1343, 223]
[1344, 196] [1371, 223]
[1372, 196] [1399, 223]
[1400, 196] [1427, 223]
[1428, 196] [1455, 223]
[1456, 196] [1483, 223]
[1484, 196] [1511, 223]
[1512, 196] [1539, 223]
[1540, 196] [1567, 223]
[1568, 196] [1595, 223]
[1596, 196] [1623, 223]
[1624, 196] [1651, 223]
[1652, 196] [1679, 223]
[1680, 196] [1707, 223]
[1708, 196] [1735, 223]
[1736, 196] [1763, 223]
[1764, 196] [1791, 223]
[1792, 196] [1819, 223]
[0, 224] [27, 251]
[28, 224] [55, 251]
[56, 224] [83, 251]
[84, 224] [111, 251]
[112, 224] [139, 251]
[140, 224] [167, 251]
[168, 224] [195, 251]
[196, 224] [223, 251]
[224, 224] [251, 251]
[252, 224] [279, 251]
[280, 224] [307, 251]
[308, 224] [335, 251]
[336, 224] [363, 251]
[364, 224] [391, 251]
[392, 224] [419, 251]
[420, 224] [447, 251]
[448, 224] [475, 251]
[476, 224] [503, 251]
[504, 224] [531, 251]
[532, 224] [559, 251]
[560, 224] [587, 251]
[588, 224] [615, 251]
[616, 224] [643, 251]
[644, 224] [671, 251]
[672, 224] [699, 251]
[700, 224] [727, 251]
[728, 224] [755, 251]
[756, 224] [783, 251]
[784, 224] [811, 251]
[812, 224] [839, 251]
[840, 224] [867, 251]
[868, 224] [895, 251]
[896, 224] [923, 251]
[924, 224] [951, 251]
[952, 224] [979, 251]
[980, 224] [1007, 251]
[1008, 224] [1035, 251]
[1036, 224] [1063, 251]
[1064, 224] [1091, 251]
[1092, 224] [1119, 251]
[1120, 224] [1147, 251]
[1148, 224] [1175, 251]
[1176, 224] [1203, 251]
[1204, 224] [1231, 251]
[1232, 224] [1259, 251]
[1260, 224] [1287, 251]
[1288, 224] [1315, 251]
[1316, 224] [1343, 251]
[1344, 224] [1371, 251]
[1372, 224] [1399, 251]
[1400, 224] [1427, 251]
[1428, 224] [1455, 251]
[1456, 224] [1483, 251]
[1484, 224] [1511, 251]
[1512, 224] [1539, 251]
[1540, 224] [1567, 251]
[1568, 224] [1595, 251]
[1596, 224] [1623, 251]
[1624, 224] [1651, 251]
[1652, 224] [1679, 251]
[1680, 224] [1707, 251]
[1708, 224] [1735, 251]
[1736, 224] [1763, 251]
[1764, 224] [1791, 251]
[1792, 224] [1819, 251]
[0, 252] [27, 279]
[28, 252] [55, 279]
[56, 252] [83, 279]
[84, 252] [111, 279]
[112, 252] [139, 279]
[140, 252] [167, 279]
[168, 252] [195, 279]
[196, 252] [223, 279]
[224, 252] [251, 279]
[252, 252] [279, 279]
[280, 252] [307, 279]
[308, 252] [335, 279]
[336, 252] [363, 279]
[364, 252] [391, 279]
[392, 252] [419, 279]
[420, 252] [447, 279]
[448, 252] [475, 279]
[476, 252] [503, 279]
[504, 252] [531, 279]
[532, 252] [559, 279]
[560, 252] [587, 279]
[588, 252] [615, 279]
[616, 252] [643, 279]
[644, 252] [671, 279]
[672, 252] [699, 279]
[700, 252] [727, 279]
[728, 252] [755, 279]
[756, 252] [783, 279]
[784, 252] [811, 279]
[812, 252] [839, 279]
[840, 252] [867, 279]
[868, 252] [895, 279]
[896, 252] [923, 279]
[924, 252] [951, 279]
[952, 252] [979, 279]
[980, 252] [1007, 279]
[1008, 252] [1035, 279]
[1036, 252] [1063, 279]
[1064, 252] [1091, 279]
[1092, 252] [1119, 279]
[1120, 252] [1147, 279]
[1148, 252] [1175, 279]
[1176, 252] [1203, 279]
[1204, 252] [1231, 279]
[1232, 252] [1259, 279]
[1260, 252] [1287, 279]
[1288, 252] [1315, 279]
[1316, 252] [1343, 279]
[1344, 252] [1371, 279]
[1372, 252] [1399, 279]
[1400, 252] [1427, 279]
[1428, 252] [1455, 279]
[1456, 252] [1483, 279]
[1484, 252] [1511, 279]
[1512, 252] [1539, 279]
[1540, 252] [1567, 279]
[1568, 252] [1595, 279]
[1596, 252] [1623, 279]
[1624, 252] [1651, 279]
[1652, 252] [1679, 279]
[1680, 252] [1707, 279]
[1708, 252] [1735, 279]
[1736, 252] [1763, 279]
[1764, 252] [1791, 279]
[1792, 252] [1819, 279]
[0, 280] [27, 307]
[28, 280] [55, 307]
[56, 280] [83, 307]
[84, 280] [111, 307]
[112, 280] [139, 307]
[140, 280] [167, 307]
[168, 280] [195, 307]
[196, 280] [223, 307]
[224, 280] [251, 307]
[252, 280] [279, 307]
[280, 280] [307, 307]
[308, 280] [335, 307]
[336, 280] [363, 307]
[364, 280] [391, 307]
[392, 280] [419, 307]
[420, 280] [447, 307]
[448, 280] [475, 307]
[476, 280] [503, 307]
[504, 280] [531, 307]
[532, 280] [559, 307]
[560, 280] [587, 307]
[588, 280] [615, 307]
[616, 280] [643, 307]
[644, 280] [671, 307]
[672, 280] [699, 307]
[700, 280] [727, 307]
[728, 280] [755, 307]
[756, 280] [783, 307]
[784, 280] [811, 307]
[812, 280] [839, 307]
[840, 280] [867, 307]
[868, 280] [895, 307]
[896, 280] [923, 307]
[924, 280] [951, 307]
[952, 280] [979, 307]
[980, 280] [1007, 307]
[1008, 280] [1035, 307]
[1036, 280] [1063, 307]
[1064, 280] [1091, 307]
[1092, 280] [1119, 307]
[1120, 280] [1147, 307]
[1148, 280] [1175, 307]
[1176, 280] [1203, 307]
[1204, 280] [1231, 307]
[1232, 280] [1259, 307]
[1260, 280] [1287, 307]
[1288, 280] [1315, 307]
[1316, 280] [1343, 307]
[1344, 280] [1371, 307]
[1372, 280] [1399, 307]
[1400, 280] [1427, 307]
[1428, 280] [1455, 307]
[1456, 280] [1483, 307]
[1484, 280] [1511, 307]
[1512, 280] [1539, 307]
[1540, 280] [1567, 307]
[1568, 280] [1595, 307]
[1596, 280] [1623, 307]
[1624, 280] [1651, 307]
[1652, 280] [1679, 307]
[1680, 280] [1707, 307]
[1708, 280] [1735, 307]
[1736, 280] [1763, 307]
[1764, 280] [1791, 307]
[1792, 280] [1819, 307]
[0, 308] [27, 335]
[28, 308] [55, 335]
[56, 308] [83, 335]
[84, 308] [111, 335]
[112, 308] [139, 335]
[140, 308] [167, 335]
[168, 308] [195, 335]
[196, 308] [223, 335]
[224, 308] [251, 335]
[252, 308] [279, 335]
[280, 308] [307, 335]
[308, 308] [335, 335]
[336, 308] [363, 335]
[364, 308] [391, 335]
[392, 308] [419, 335]
[420, 308] [447, 335]
[448, 308] [475, 335]
[476, 308] [503, 335]
[504, 308] [531, 335]
[532, 308] [559, 335]
[560, 308] [587, 335]
[588, 308] [615, 335]
[616, 308] [643, 335]
[644, 308] [671, 335]
[672, 308] [699, 335]
[700, 308] [727, 335]
[728, 308] [755, 335]
[756, 308] [783, 335]
[784, 308] [811, 335]
[812, 308] [839, 335]
[840, 308] [867, 335]
[868, 308] [895, 335]
[896, 308] [923, 335]
[924, 308] [951, 335]
[952, 308] [979, 335]
[980, 308] [1007, 335]
[1008, 308] [1035, 335]
[1036, 308] [1063, 335]
[1064, 308] [1091, 335]
[1092, 308] [1119, 335]
[1120, 308] [1147, 335]
[1148, 308] [1175, 335]
[1176, 308] [1203, 335]
[1204, 308] [1231, 335]
[1232, 308] [1259, 335]
[1260, 308] [1287, 335]
[1288, 308] [1315, 335]
[1316, 308] [1343, 335]
[1344, 308] [1371, 335]
[1372, 308] [1399, 335]
[1400, 308] [1427, 335]
[1428, 308] [1455, 335]
[1456, 308] [1483, 335]
[1484, 308] [1511, 335]
[1512, 308] [1539, 335]
[1540, 308] [1567, 335]
[1568, 308] [1595, 335]
[1596, 308] [1623, 335]
[1624, 308] [1651, 335]
[1652, 308] [1679, 335]
[1680, 308] [1707, 335]
[1708, 308] [1735, 335]
[1736, 308] [1763, 335]
[1764, 308] [1791, 335]
[1792, 308] [1819, 335]
[0, 336] [27, 363]
[28, 336] [55, 363]
[56, 336] [83, 363]
[84, 336] [111, 363]
[112, 336] [139, 363]
[140, 336] [167, 363]
[168, 336] [195, 363]
[196, 336] [223, 363]
[224, 336] [251, 363]
[252, 336] [279, 363]
[280, 336] [307, 363]
[308, 336] [335, 363]
[336, 336] [363, 363]
[364, 336] [391, 363]
[392, 336] [419, 363]
[420, 336] [447, 363]
[448, 336] [475, 363]
[476, 336] [503, 363]
[504, 336] [531, 363]
[532, 336] [559, 363]
[560, 336] [587, 363]
[588, 336] [615, 363]
[616, 336] [643, 363]
[644, 336] [671, 363]
[672, 336] [699, 363]
[700, 336] [727, 363]
[728, 336] [755, 363]
[756, 336] [783, 363]
[784, 336] [811, 363]
[812, 336] [839, 363]
[840, 336] [867, 363]
[868, 336] [895, 363]
[896, 336] [923, 363]
[924, 336] [951, 363]
[952, 336] [979, 363]
[980, 336] [1007, 363]
[1008, 336] [1035, 363]
[1036, 336] [1063, 363]
[1064, 336] [1091, 363]
[1092, 336] [1119, 363]
[1120, 336] [1147, 363]
[1148, 336] [1175, 363]
[1176, 336] [1203, 363]
[1204, 336] [1231, 363]
[1232, 336] [1259, 363]
[1260, 336] [1287, 363]
[1288, 336] [1315, 363]
[1316, 336] [1343, 363]
[1344, 336] [1371, 363]
[1372, 336] [1399, 363]
[1400, 336] [1427, 363]
[1428, 336] [1455, 363]
[1456, 336] [1483, 363]
[1484, 336] [1511, 363]
[1512, 336] [1539, 363]
[1540, 336] [1567, 363]
[1568, 336] [1595, 363]
[1596, 336] [1623, 363]
[1624, 336] [1651, 363]
[1652, 336] [1679, 363]
[1680, 336] [1707, 363]
[1708, 336] [1735, 363]
[1736, 336] [1763, 363]
[1764, 336] [1791, 363]
[1792, 336] [1819, 363]
[0, 364] [27, 391]
[28, 364] [55, 391]
[56, 364] [83, 391]
[84, 364] [111, 391]
[112, 364] [139, 391]
[140, 364] [167, 391]
[168, 364] [195, 391]
[196, 364] [223, 391]
[224, 364] [251, 391]
[252, 364] [279, 391]
[280, 364] [307, 391]
[308, 364] [335, 391]
[336, 364] [363, 391]
[364, 364] [391, 391]
[392, 364] [419, 391]
[420, 364] [447, 391]
[448, 364] [475, 391]
[476, 364] [503, 391]
[504, 364] [531, 391]
[532, 364] [559, 391]
[560, 364] [587, 391]
[588, 364] [615, 391]
[616, 364] [643, 391]
[644, 364] [671, 391]
[672, 364] [699, 391]
[700, 364] [727, 391]
[728, 364] [755, 391]
[756, 364] [783, 391]
[784, 364] [811, 391]
[812, 364] [839, 391]
[840, 364] [867, 391]
[868, 364] [895, 391]
[896, 364] [923, 391]
[924, 364] [951, 391]
[952, 364] [979, 391]
[980, 364] [1007, 391]
[1008, 364] [1035, 391]
[1036, 364] [1063, 391]
[1064, 364] [1091, 391]
[1092, 364] [1119, 391]
[1120, 364] [1147, 391]
[1148, 364] [1175, 391]
[1176, 364] [1203, 391]
[1204, 364] [1231, 391]
[1232, 364] [1259, 391]
[1260, 364] [1287, 391]
[1288, 364] [1315, 391]
[1316, 364] [1343, 391]
[1344, 364] [1371, 391]
[1372, 364] [1399, 391]
[1400, 364] [1427, 391]
[1428, 364] [1455, 391]
[1456, 364] [1483, 391]
[1484, 364] [1511, 391]
[1512, 364] [1539, 391]
[1540, 364] [1567, 391]
[1568, 364] [1595, 391]
[1596, 364] [1623, 391]
[1624, 364] [1651, 391]
[1652, 364] [1679, 391]
[1680, 364] [1707, 391]
[1708, 364] [1735, 391]
[1736, 364] [1763, 391]
[1764, 364] [1791, 391]
[1792, 364] [1819, 391]
[0, 392] [27, 419]
[28, 392] [55, 419]
[56, 392] [83, 419]
[84, 392] [111, 419]
[112, 392] [139, 419]
[140, 392] [167, 419]
[168, 392] [195, 419]
[196, 392] [223, 419]
[224, 392] [251, 419]
[252, 392] [279, 419]
[280, 392] [307, 419]
[308, 392] [335, 419]
[336, 392] [363, 419]
[364, 392] [391, 419]
[392, 392] [419, 419]
[420, 392] [447, 419]
[448, 392] [475, 419]
[476, 392] [503, 419]
[504, 392] [531, 419]
[532, 392] [559, 419]
[560, 392] [587, 419]
[588, 392] [615, 419]
[616, 392] [643, 419]
[644, 392] [671, 419]
[672, 392] [699, 419]
[700, 392] [727, 419]
[728, 392] [755, 419]
[756, 392] [783, 419]
[784, 392] [811, 419]
[812, 392] [839, 419]
[840, 392] [867, 419]
[868, 392] [895, 419]
[896, 392] [923, 419]
[924, 392] [951, 419]
[952, 392] [979, 419]
[980, 392] [1007, 419]
[1008, 392] [1035, 419]
[1036, 392] [1063, 419]
[1064, 392] [1091, 419]
[1092, 392] [1119, 419]
[1120, 392] [1147, 419]
[1148, 392] [1175, 419]
[1176, 392] [1203, 419]
[1204, 392] [1231, 419]
[1232, 392] [1259, 419]
[1260, 392] [1287, 419]
[1288, 392] [1315, 419]
[1316, 392] [1343, 419]
[1344, 392] [1371, 419]
[1372, 392] [1399, 419]
[1400, 392] [1427, 419]
[1428, 392] [1455, 419]
[1456, 392] [1483, 419]
[1484, 392] [1511, 419]
[1512, 392] [1539, 419]
[1540, 392] [1567, 419]
[1568, 392] [1595, 419]
[1596, 392] [1623, 419]
[1624, 392] [1651, 419]
[1652, 392] [1679, 419]
[1680, 392] [1707, 419]
[1708, 392] [1735, 419]
[1736, 392] [1763, 419]
[1764, 392] [1791, 419]
[1792, 392] [1819, 419]
[0, 420] [27, 447]
[28, 420] [55, 447]
[56, 420] [83, 447]
[84, 420] [111, 447]
[112, 420] [139, 447]
[140, 420] [167, 447]
[168, 420] [195, 447]
[196, 420] [223, 447]
[224, 420] [251, 447]
[252, 420] [279, 447]
[280, 420] [307, 447]
[308, 420] [335, 447]
[336, 420] [363, 447]
[364, 420] [391, 447]
[392, 420] [419, 447]
[420, 420] [447, 447]
[448, 420] [475, 447]
[476, 420] [503, 447]
[504, 420] [531, 447]
[532, 420] [559, 447]
[560, 420] [587, 447]
[588, 420] [615, 447]
[616, 420] [643, 447]
[644, 420] [671, 447]
[672, 420] [699, 447]
[700, 420] [727, 447]
[728, 420] [755, 447]
[756, 420] [783, 447]
[784, 420] [811, 447]
[812, 420] [839, 447]
[840, 420] [867, 447]
[868, 420] [895, 447]
[896, 420] [923, 447]
[924, 420] [951, 447]
[952, 420] [979, 447]
[980, 420] [1007, 447]
[1008, 420] [1035, 447]
[1036, 420] [1063, 447]
[1064, 420] [1091, 447]
[1092, 420] [1119, 447]
[1120, 420] [1147, 447]
[1148, 420] [1175, 447]
[1176, 420] [1203, 447]
[1204, 420] [1231, 447]
[1232, 420] [1259, 447]
[1260, 420] [1287, 447]
[1288, 420] [1315, 447]
[1316, 420] [1343, 447]
[1344, 420] [1371, 447]
[1372, 420] [1399, 447]
[1400, 420] [1427, 447]
[1428, 420] [1455, 447]
[1456, 420] [1483, 447]
[1484, 420] [1511, 447]
[1512, 420] [1539, 447]
[1540, 420] [1567, 447]
[1568, 420] [1595, 447]
[1596, 420] [1623, 447]
[1624, 420] [1651, 447]
[1652, 420] [1679, 447]
[1680, 420] [1707, 447]
[1708, 420] [1735, 447]
[1736, 420] [1763, 447]
[1764, 420] [1791, 447]
[1792, 420] [1819, 447]
[0, 448] [27, 475]
[28, 448] [55, 475]
[56, 448] [83, 475]
[84, 448] [111, 475]
[112, 448] [139, 475]
[140, 448] [167, 475]
[168, 448] [195, 475]
[196, 448] [223, 475]
[224, 448] [251, 475]
[252, 448] [279, 475]
[280, 448] [307, 475]
[308, 448] [335, 475]
[336, 448] [363, 475]
[364, 448] [391, 475]
[392, 448] [419, 475]
[420, 448] [447, 475]
[448, 448] [475, 475]
[476, 448] [503, 475]
[504, 448] [531, 475]
[532, 448] [559, 475]
[560, 448] [587, 475]
[588, 448] [615, 475]
[616, 448] [643, 475]
[644, 448] [671, 475]
[672, 448] [699, 475]
[700, 448] [727, 475]
[728, 448] [755, 475]
[756, 448] [783, 475]
[784, 448] [811, 475]
[812, 448] [839, 475]
[840, 448] [867, 475]
[868, 448] [895, 475]
[896, 448] [923, 475]
[924, 448] [951, 475]
[952, 448] [979, 475]
[980, 448] [1007, 475]
[1008, 448] [1035, 475]
[1036, 448] [1063, 475]
[1064, 448] [1091, 475]
[1092, 448] [1119, 475]
[1120, 448] [1147, 475]
[1148, 448] [1175, 475]
[1176, 448] [1203, 475]
[1204, 448] [1231, 475]
[1232, 448] [1259, 475]
[1260, 448] [1287, 475]
[1288, 448] [1315, 475]
[1316, 448] [1343, 475]
[1344, 448] [1371, 475]
[1372, 448] [1399, 475]
[1400, 448] [1427, 475]
[1428, 448] [1455, 475]
[1456, 448] [1483, 475]
[1484, 448] [1511, 475]
[1512, 448] [1539, 475]
[1540, 448] [1567, 475]
[1568, 448] [1595, 475]
[1596, 448] [1623, 475]
[1624, 448] [1651, 475]
[1652, 448] [1679, 475]
[1680, 448] [1707, 475]
[1708, 448] [1735, 475]
[1736, 448] [1763, 475]
[1764, 448] [1791, 475]
[1792, 448] [1819, 475]
[0, 476] [27, 503]
[28, 476] [55, 503]
[56, 476] [83, 503]
[84, 476] [111, 503]
[112, 476] [139, 503]
[140, 476] [167, 503]
[168, 476] [195, 503]
[196, 476] [223, 503]
[224, 476] [251, 503]
[252, 476] [279, 503]
[280, 476] [307, 503]
[308, 476] [335, 503]
[336, 476] [363, 503]
[364, 476] [391, 503]
[392, 476] [419, 503]
[420, 476] [447, 503]
[448, 476] [475, 503]
[476, 476] [503, 503]
[504, 476] [531, 503]
[532, 476] [559, 503]
[560, 476] [587, 503]
[588, 476] [615, 503]
[616, 476] [643, 503]
[644, 476] [671, 503]
[672, 476] [699, 503]
[700, 476] [727, 503]
[728, 476] [755, 503]
[756, 476] [783, 503]
[784, 476] [811, 503]
[812, 476] [839, 503]
[840, 476] [867, 503]
[868, 476] [895, 503]
[896, 476] [923, 503]
[924, 476] [951, 503]
[952, 476] [979, 503]
[980, 476] [1007, 503]
[1008, 476] [1035, 503]
[1036, 476] [1063, 503]
[1064, 476] [1091, 503]
[1092, 476] [1119, 503]
[1120, 476] [1147, 503]
[1148, 476] [1175, 503]
[1176, 476] [1203, 503]
[1204, 476] [1231, 503]
[1232, 476] [1259, 503]
[1260, 476] [1287, 503]
[1288, 476] [1315, 503]
[1316, 476] [1343, 503]
[1344, 476] [1371, 503]
[1372, 476] [1399, 503]
[1400, 476] [1427, 503]
[1428, 476] [1455, 503]
[1456, 476] [1483, 503]
[1484, 476] [1511, 503]
[1512, 476] [1539, 503]
[1540, 476] [1567, 503]
[1568, 476] [1595, 503]
[1596, 476] [1623, 503]
[1624, 476] [1651, 503]
[1652, 476] [1679, 503]
[1680, 476] [1707, 503]
[1708, 476] [1735, 503]
[1736, 476] [1763, 503]
[1764, 476] [1791, 503]
[1792, 476] [1819, 503]
[0, 504] [27, 531]
[28, 504] [55, 531]
[56, 504] [83, 531]
[84, 504] [111, 531]
[112, 504] [139, 531]
[140, 504] [167, 531]
[168, 504] [195, 531]
[196, 504] [223, 531]
[224, 504] [251, 531]
[252, 504] [279, 531]
[280, 504] [307, 531]
[308, 504] [335, 531]
[336, 504] [363, 531]
[364, 504] [391, 531]
[392, 504] [419, 531]
[420, 504] [447, 531]
[448, 504] [475, 531]
[476, 504] [503, 531]
[504, 504] [531, 531]
[532, 504] [559, 531]
[560, 504] [587, 531]
[588, 504] [615, 531]
[616, 504] [643, 531]
[644, 504] [671, 531]
[672, 504] [699, 531]
[700, 504] [727, 531]
[728, 504] [755, 531]
[756, 504] [783, 531]
[784, 504] [811, 531]
[812, 504] [839, 531]
[840, 504] [867, 531]
[868, 504] [895, 531]
[896, 504] [923, 531]
[924, 504] [951, 531]
[952, 504] [979, 531]
[980, 504] [1007, 531]
[1008, 504] [1035, 531]
[1036, 504] [1063, 531]
[1064, 504] [1091, 531]
[1092, 504] [1119, 531]
[1120, 504] [1147, 531]
[1148, 504] [1175, 531]
[1176, 504] [1203, 531]
[1204, 504] [1231, 531]
[1232, 504] [1259, 531]
[1260, 504] [1287, 531]
[1288, 504] [1315, 531]
[1316, 504] [1343, 531]
[1344, 504] [1371, 531]
[1372, 504] [1399, 531]
[1400, 504] [1427, 531]
[1428, 504] [1455, 531]
[1456, 504] [1483, 531]
[1484, 504] [1511, 531]
[1512, 504] [1539, 531]
[1540, 504] [1567, 531]
[1568, 504] [1595, 531]
[1596, 504] [1623, 531]
[1624, 504] [1651, 531]
[1652, 504] [1679, 531]
[1680, 504] [1707, 531]
[1708, 504] [1735, 531]
[1736, 504] [1763, 531]
[1764, 504] [1791, 531]
[1792, 504] [1819, 531]
[0, 532] [27, 559]
[28, 532] [55, 559]
[56, 532] [83, 559]
[84, 532] [111, 559]
[112, 532] [139, 559]
[140, 532] [167, 559]
[168, 532] [195, 559]
[196, 532] [223, 559]
[224, 532] [251, 559]
[252, 532] [279, 559]
[280, 532] [307, 559]
[308, 532] [335, 559]
[336, 532] [363, 559]
[364, 532] [391, 559]
[392, 532] [419, 559]
[420, 532] [447, 559]
[448, 532] [475, 559]
[476, 532] [503, 559]
[504, 532] [531, 559]
[532, 532] [559, 559]
[560, 532] [587, 559]
[588, 532] [615, 559]
[616, 532] [643, 559]
[644, 532] [671, 559]
[672, 532] [699, 559]
[700, 532] [727, 559]
[728, 532] [755, 559]
[756, 532] [783, 559]
[784, 532] [811, 559]
[812, 532] [839, 559]
[840, 532] [867, 559]
[868, 532] [895, 559]
[896, 532] [923, 559]
[924, 532] [951, 559]
[952, 532] [979, 559]
[980, 532] [1007, 559]
[1008, 532] [1035, 559]
[1036, 532] [1063, 559]
[1064, 532] [1091, 559]
[1092, 532] [1119, 559]
[1120, 532] [1147, 559]
[1148, 532] [1175, 559]
[1176, 532] [1203, 559]
[1204, 532] [1231, 559]
[1232, 532] [1259, 559]
[1260, 532] [1287, 559]
[1288, 532] [1315, 559]
[1316, 532] [1343, 559]
[1344, 532] [1371, 559]
[1372, 532] [1399, 559]
[1400, 532] [1427, 559]
[1428, 532] [1455, 559]
[1456, 532] [1483, 559]
[1484, 532] [1511, 559]
[1512, 532] [1539, 559]
[1540, 532] [1567, 559]
[1568, 532] [1595, 559]
[1596, 532] [1623, 559]
[1624, 532] [1651, 559]
[1652, 532] [1679, 559]
[1680, 532] [1707, 559]
[1708, 532] [1735, 559]
[1736, 532] [1763, 559]
[1764, 532] [1791, 559]
[1792, 532] [1819, 559]
[0, 560] [27, 587]
[28, 560] [55, 587]
[56, 560] [83, 587]
[84, 560] [111, 587]
[112, 560] [139, 587]
[140, 560] [167, 587]
[168, 560] [195, 587]
[196, 560] [223, 587]
[224, 560] [251, 587]
[252, 560] [279, 587]
[280, 560] [307, 587]
[308, 560] [335, 587]
[336, 560] [363, 587]
[364, 560] [391, 587]
[392, 560] [419, 587]
[420, 560] [447, 587]
[448, 560] [475, 587]
[476, 560] [503, 587]
[504, 560] [531, 587]
[532, 560] [559, 587]
[560, 560] [587, 587]
[588, 560] [615, 587]
[616, 560] [643, 587]
[644, 560] [671, 587]
[672, 560] [699, 587]
[700, 560] [727, 587]
[728, 560] [755, 587]
[756, 560] [783, 587]
[784, 560] [811, 587]
[812, 560] [839, 587]
[840, 560] [867, 587]
[868, 560] [895, 587]
[896, 560] [923, 587]
[924, 560] [951, 587]
[952, 560] [979, 587]
[980, 560] [1007, 587]
[1008, 560] [1035, 587]
[1036, 560] [1063, 587]
[1064, 560] [1091, 587]
[1092, 560] [1119, 587]
[1120, 560] [1147, 587]
[1148, 560] [1175, 587]
[1176, 560] [1203, 587]
[1204, 560] [1231, 587]
[1232, 560] [1259, 587]
[1260, 560] [1287, 587]
[1288, 560] [1315, 587]
[1316, 560] [1343, 587]
[1344, 560] [1371, 587]
[1372, 560] [1399, 587]
[1400, 560] [1427, 587]
[1428, 560] [1455, 587]
[1456, 560] [1483, 587]
[1484, 560] [1511, 587]
[1512, 560] [1539, 587]
[1540, 560] [1567, 587]
[1568, 560] [1595, 587]
[1596, 560] [1623, 587]
[1624, 560] [1651, 587]
[1652, 560] [1679, 587]
[1680, 560] [1707, 587]
[1708, 560] [1735, 587]
[1736, 560] [1763, 587]
[1764, 560] [1791, 587]
[1792, 560] [1819, 587]
[0, 588] [27, 615]
[28, 588] [55, 615]
[56, 588] [83, 615]
[84, 588] [111, 615]
[112, 588] [139, 615]
[140, 588] [167, 615]
[168, 588] [195, 615]
[196, 588] [223, 615]
[224, 588] [251, 615]
[252, 588] [279, 615]
[280, 588] [307, 615]
[308, 588] [335, 615]
[336, 588] [363, 615]
[364, 588] [391, 615]
[392, 588] [419, 615]
[420, 588] [447, 615]
[448, 588] [475, 615]
[476, 588] [503, 615]
[504, 588] [531, 615]
[532, 588] [559, 615]
[560, 588] [587, 615]
[588, 588] [615, 615]
[616, 588] [643, 615]
[644, 588] [671, 615]
[672, 588] [699, 615]
[700, 588] [727, 615]
[728, 588] [755, 615]
[756, 588] [783, 615]
[784, 588] [811, 615]
[812, 588] [839, 615]
[840, 588] [867, 615]
[868, 588] [895, 615]
[896, 588] [923, 615]
[924, 588] [951, 615]
[952, 588] [979, 615]
[980, 588] [1007, 615]
[1008, 588] [1035, 615]
[1036, 588] [1063, 615]
[1064, 588] [1091, 615]
[1092, 588] [1119, 615]
[1120, 588] [1147, 615]
[1148, 588] [1175, 615]
[1176, 588] [1203, 615]
[1204, 588] [1231, 615]
[1232, 588] [1259, 615]
[1260, 588] [1287, 615]
[1288, 588] [1315, 615]
[1316, 588] [1343, 615]
[1344, 588] [1371, 615]
[1372, 588] [1399, 615]
[1400, 588] [1427, 615]
[1428, 588] [1455, 615]
[1456, 588] [1483, 615]
[1484, 588] [1511, 615]
[1512, 588] [1539, 615]
[1540, 588] [1567, 615]
[1568, 588] [1595, 615]
[1596, 588] [1623, 615]
[1624, 588] [1651, 615]
[1652, 588] [1679, 615]
[1680, 588] [1707, 615]
[1708, 588] [1735, 615]
[1736, 588] [1763, 615]
[1764, 588] [1791, 615]
[1792, 588] [1819, 615]
[0, 616] [27, 643]
[28, 616] [55, 643]
[56, 616] [83, 643]
[84, 616] [111, 643]
[112, 616] [139, 643]
[140, 616] [167, 643]
[168, 616] [195, 643]
[196, 616] [223, 643]
[224, 616] [251, 643]
[252, 616] [279, 643]
[280, 616] [307, 643]
[308, 616] [335, 643]
[336, 616] [363, 643]
[364, 616] [391, 643]
[392, 616] [419, 643]
[420, 616] [447, 643]
[448, 616] [475, 643]
[476, 616] [503, 643]
[504, 616] [531, 643]
[532, 616] [559, 643]
[560, 616] [587, 643]
[588, 616] [615, 643]
[616, 616] [643, 643]
[644, 616] [671, 643]
[672, 616] [699, 643]
[700, 616] [727, 643]
[728, 616] [755, 643]
[756, 616] [783, 643]
[784, 616] [811, 643]
[812, 616] [839, 643]
[840, 616] [867, 643]
[868, 616] [895, 643]
[896, 616] [923, 643]
[924, 616] [951, 643]
[952, 616] [979, 643]
[980, 616] [1007, 643]
[1008, 616] [1035, 643]
[1036, 616] [1063, 643]
[1064, 616] [1091, 643]
[1092, 616] [1119, 643]
[1120, 616] [1147, 643]
[1148, 616] [1175, 643]
[1176, 616] [1203, 643]
[1204, 616] [1231, 643]
[1232, 616] [1259, 643]
[1260, 616] [1287, 643]
[1288, 616] [1315, 643]
[1316, 616] [1343, 643]
[1344, 616] [1371, 643]
[1372, 616] [1399, 643]
[1400, 616] [1427, 643]
[1428, 616] [1455, 643]
[1456, 616] [1483, 643]
[1484, 616] [1511, 643]
[1512, 616] [1539, 643]
[1540, 616] [1567, 643]
[1568, 616] [1595, 643]
[1596, 616] [1623, 643]
[1624, 616] [1651, 643]
[1652, 616] [1679, 643]
[1680, 616] [1707, 643]
[1708, 616] [1735, 643]
[1736, 616] [1763, 643]
[1764, 616] [1791, 643]
[1792, 616] [1819, 643]
[0, 644] [27, 671]
[28, 644] [55, 671]
[56, 644] [83, 671]
[84, 644] [111, 671]
[112, 644] [139, 671]
[140, 644] [167, 671]
[168, 644] [195, 671]
[196, 644] [223, 671]
[224, 644] [251, 671]
[252, 644] [279, 671]
[280, 644] [307, 671]
[308, 644] [335, 671]
[336, 644] [363, 671]
[364, 644] [391, 671]
[392, 644] [419, 671]
[420, 644] [447, 671]
[448, 644] [475, 671]
[476, 644] [503, 671]
[504, 644] [531, 671]
[532, 644] [559, 671]
[560, 644] [587, 671]
[588, 644] [615, 671]
[616, 644] [643, 671]
[644, 644] [671, 671]
[672, 644] [699, 671]
[700, 644] [727, 671]
[728, 644] [755, 671]
[756, 644] [783, 671]
[784, 644] [811, 671]
[812, 644] [839, 671]
[840, 644] [867, 671]
[868, 644] [895, 671]
[896, 644] [923, 671]
[924, 644] [951, 671]
[952, 644] [979, 671]
[980, 644] [1007, 671]
[1008, 644] [1035, 671]
[1036, 644] [1063, 671]
[1064, 644] [1091, 671]
[1092, 644] [1119, 671]
[1120, 644] [1147, 671]
[1148, 644] [1175, 671]
[1176, 644] [1203, 671]
[1204, 644] [1231, 671]
[1232, 644] [1259, 671]
[1260, 644] [1287, 671]
[1288, 644] [1315, 671]
[1316, 644] [1343, 671]
[1344, 644] [1371, 671]
[1372, 644] [1399, 671]
[1400, 644] [1427, 671]
[1428, 644] [1455, 671]
[1456, 644] [1483, 671]
[1484, 644] [1511, 671]
[1512, 644] [1539, 671]
[1540, 644] [1567, 671]
[1568, 644] [1595, 671]
[1596, 644] [1623, 671]
[1624, 644] [1651, 671]
[1652, 644] [1679, 671]
[1680, 644] [1707, 671]
[1708, 644] [1735, 671]
[1736, 644] [1763, 671]
[1764, 644] [1791, 671]
[1792, 644] [1819, 671]
[0, 672] [27, 699]
[28, 672] [55, 699]
[56, 672] [83, 699]
[84, 672] [111, 699]
[112, 672] [139, 699]
[140, 672] [167, 699]
[168, 672] [195, 699]
[196, 672] [223, 699]
[224, 672] [251, 699]
[252, 672] [279, 699]
[280, 672] [307, 699]
[308, 672] [335, 699]
[336, 672] [363, 699]
[364, 672] [391, 699]
[392, 672] [419, 699]
[420, 672] [447, 699]
[448, 672] [475, 699]
[476, 672] [503, 699]
[504, 672] [531, 699]
[532, 672] [559, 699]
[560, 672] [587, 699]
[588, 672] [615, 699]
[616, 672] [643, 699]
[644, 672] [671, 699]
[672, 672] [699, 699]
[700, 672] [727, 699]
[728, 672] [755, 699]
[756, 672] [783, 699]
[784, 672] [811, 699]
[812, 672] [839, 699]
[840, 672] [867, 699]
[868, 672] [895, 699]
[896, 672] [923, 699]
[924, 672] [951, 699]
[952, 672] [979, 699]
[980, 672] [1007, 699]
[1008, 672] [1035, 699]
[1036, 672] [1063, 699]
[1064, 672] [1091, 699]
[1092, 672] [1119, 699]
[1120, 672] [1147, 699]
[1148, 672] [1175, 699]
[1176, 672] [1203, 699]
[1204, 672] [1231, 699]
[1232, 672] [1259, 699]
[1260, 672] [1287, 699]
[1288, 672] [1315, 699]
[1316, 672] [1343, 699]
[1344, 672] [1371, 699]
[1372, 672] [1399, 699]
[1400, 672] [1427, 699]
[1428, 672] [1455, 699]
[1456, 672] [1483, 699]
[1484, 672] [1511, 699]
[1512, 672] [1539, 699]
[1540, 672] [1567, 699]
[1568, 672] [1595, 699]
[1596, 672] [1623, 699]
[1624, 672] [1651, 699]
[1652, 672] [1679, 699]
[1680, 672] [1707, 699]
[1708, 672] [1735, 699]
[1736, 672] [1763, 699]
[1764, 672] [1791, 699]
[1792, 672] [1819, 699]
[0, 700] [27, 727]
[28, 700] [55, 727]
[56, 700] [83, 727]
[84, 700] [111, 727]
[112, 700] [139, 727]
[140, 700] [167, 727]
[168, 700] [195, 727]
[196, 700] [223, 727]
[224, 700] [251, 727]
[252, 700] [279, 727]
[280, 700] [307, 727]
[308, 700] [335, 727]
[336, 700] [363, 727]
[364, 700] [391, 727]
[392, 700] [419, 727]
[420, 700] [447, 727]
[448, 700] [475, 727]
[476, 700] [503, 727]
[504, 700] [531, 727]
[532, 700] [559, 727]
[560, 700] [587, 727]
[588, 700] [615, 727]
[616, 700] [643, 727]
[644, 700] [671, 727]
[672, 700] [699, 727]
[700, 700] [727, 727]
[728, 700] [755, 727]
[756, 700] [783, 727]
[784, 700] [811, 727]
[812, 700] [839, 727]
[840, 700] [867, 727]
[868, 700] [895, 727]
[896, 700] [923, 727]
[924, 700] [951, 727]
[952, 700] [979, 727]
[980, 700] [1007, 727]
[1008, 700] [1035, 727]
[1036, 700] [1063, 727]
[1064, 700] [1091, 727]
[1092, 700] [1119, 727]
[1120, 700] [1147, 727]
[1148, 700] [1175, 727]
[1176, 700] [1203, 727]
[1204, 700] [1231, 727]
[1232, 700] [1259, 727]
[1260, 700] [1287, 727]
[1288, 700] [1315, 727]
[1316, 700] [1343, 727]
[1344, 700] [1371, 727]
[1372, 700] [1399, 727]
[1400, 700] [1427, 727]
[1428, 700] [1455, 727]
[1456, 700] [1483, 727]
[1484, 700] [1511, 727]
[1512, 700] [1539, 727]
[1540, 700] [1567, 727]
[1568, 700] [1595, 727]
[1596, 700] [1623, 727]
[1624, 700] [1651, 727]
[1652, 700] [1679, 727]
[1680, 700] [1707, 727]
[1708, 700] [1735, 727]
[1736, 700] [1763, 727]
[1764, 700] [1791, 727]
[1792, 700] [1819, 727]
[0, 728] [27, 755]
[28, 728] [55, 755]
[56, 728] [83, 755]
[84, 728] [111, 755]
[112, 728] [139, 755]
[140, 728] [167, 755]
[168, 728] [195, 755]
[196, 728] [223, 755]
[224, 728] [251, 755]
[252, 728] [279, 755]
[280, 728] [307, 755]
[308, 728] [335, 755]
[336, 728] [363, 755]
[364, 728] [391, 755]
[392, 728] [419, 755]
[420, 728] [447, 755]
[448, 728] [475, 755]
[476, 728] [503, 755]
[504, 728] [531, 755]
[532, 728] [559, 755]
[560, 728] [587, 755]
[588, 728] [615, 755]
[616, 728] [643, 755]
[644, 728] [671, 755]
[672, 728] [699, 755]
[700, 728] [727, 755]
[728, 728] [755, 755]
[756, 728] [783, 755]
[784, 728] [811, 755]
[812, 728] [839, 755]
[840, 728] [867, 755]
[868, 728] [895, 755]
[896, 728] [923, 755]
[924, 728] [951, 755]
[952, 728] [979, 755]
[980, 728] [1007, 755]
[1008, 728] [1035, 755]
[1036, 728] [1063, 755]
[1064, 728] [1091, 755]
[1092, 728] [1119, 755]
[1120, 728] [1147, 755]
[1148, 728] [1175, 755]
[1176, 728] [1203, 755]
[1204, 728] [1231, 755]
[1232, 728] [1259, 755]
[1260, 728] [1287, 755]
[1288, 728] [1315, 755]
[1316, 728] [1343, 755]
[1344, 728] [1371, 755]
[1372, 728] [1399, 755]
[1400, 728] [1427, 755]
[1428, 728] [1455, 755]
[1456, 728] [1483, 755]
[1484, 728] [1511, 755]
[1512, 728] [1539, 755]
[1540, 728] [1567, 755]
[1568, 728] [1595, 755]
[1596, 728] [1623, 755]
[1624, 728] [1651, 755]
[1652, 728] [1679, 755]
[1680, 728] [1707, 755]
[1708, 728] [1735, 755]
[1736, 728] [1763, 755]
[1764, 728] [1791, 755]
[1792, 728] [1819, 755]
[0, 756] [27, 783]
[28, 756] [55, 783]
[56, 756] [83, 783]
[84, 756] [111, 783]
[112, 756] [139, 783]
[140, 756] [167, 783]
[168, 756] [195, 783]
[196, 756] [223, 783]
[224, 756] [251, 783]
[252, 756] [279, 783]
[280, 756] [307, 783]
[308, 756] [335, 783]
[336, 756] [363, 783]
[364, 756] [391, 783]
[392, 756] [419, 783]
[420, 756] [447, 783]
[448, 756] [475, 783]
[476, 756] [503, 783]
[504, 756] [531, 783]
[532, 756] [559, 783]
[560, 756] [587, 783]
[588, 756] [615, 783]
[616, 756] [643, 783]
[644, 756] [671, 783]
[672, 756] [699, 783]
[700, 756] [727, 783]
[728, 756] [755, 783]
[756, 756] [783, 783]
[784, 756] [811, 783]
[812, 756] [839, 783]
[840, 756] [867, 783]
[868, 756] [895, 783]
[896, 756] [923, 783]
[924, 756] [951, 783]
[952, 756] [979, 783]
[980, 756] [1007, 783]
[1008, 756] [1035, 783]
[1036, 756] [1063, 783]
[1064, 756] [1091, 783]
[1092, 756] [1119, 783]
[1120, 756] [1147, 783]
[1148, 756] [1175, 783]
[1176, 756] [1203, 783]
[1204, 756] [1231, 783]
[1232, 756] [1259, 783]
[1260, 756] [1287, 783]
[1288, 756] [1315, 783]
[1316, 756] [1343, 783]
[1344, 756] [1371, 783]
[1372, 756] [1399, 783]
[1400, 756] [1427, 783]
[1428, 756] [1455, 783]
[1456, 756] [1483, 783]
[1484, 756] [1511, 783]
[1512, 756] [1539, 783]
[1540, 756] [1567, 783]
[1568, 756] [1595, 783]
[1596, 756] [1623, 783]
[1624, 756] [1651, 783]
[1652, 756] [1679, 783]
[1680, 756] [1707, 783]
[1708, 756] [1735, 783]
[1736, 756] [1763, 783]
[1764, 756] [1791, 783]
[1792, 756] [1819, 783]
[0, 784] [27, 811]
[28, 784] [55, 811]
[56, 784] [83, 811]
[84, 784] [111, 811]
[112, 784] [139, 811]
[140, 784] [167, 811]
[168, 784] [195, 811]
[196, 784] [223, 811]
[224, 784] [251, 811]
[252, 784] [279, 811]
[280, 784] [307, 811]
[308, 784] [335, 811]
[336, 784] [363, 811]
[364, 784] [391, 811]
[392, 784] [419, 811]
[420, 784] [447, 811]
[448, 784] [475, 811]
[476, 784] [503, 811]
[504, 784] [531, 811]
[532, 784] [559, 811]
[560, 784] [587, 811]
[588, 784] [615, 811]
[616, 784] [643, 811]
[644, 784] [671, 811]
[672, 784] [699, 811]
[700, 784] [727, 811]
[728, 784] [755, 811]
[756, 784] [783, 811]
[784, 784] [811, 811]
[812, 784] [839, 811]
[840, 784] [867, 811]
[868, 784] [895, 811]
[896, 784] [923, 811]
[924, 784] [951, 811]
[952, 784] [979, 811]
[980, 784] [1007, 811]
[1008, 784] [1035, 811]
[1036, 784] [1063, 811]
[1064, 784] [1091, 811]
[1092, 784] [1119, 811]
[1120, 784] [1147, 811]
[1148, 784] [1175, 811]
[1176, 784] [1203, 811]
[1204, 784] [1231, 811]
[1232, 784] [1259, 811]
[1260, 784] [1287, 811]
[1288, 784] [1315, 811]
[1316, 784] [1343, 811]
[1344, 784] [1371, 811]
[1372, 784] [1399, 811]
[1400, 784] [1427, 811]
[1428, 784] [1455, 811]
[1456, 784] [1483, 811]
[1484, 784] [1511, 811]
[1512, 784] [1539, 811]
[1540, 784] [1567, 811]
[1568, 784] [1595, 811]
[1596, 784] [1623, 811]
[1624, 784] [1651, 811]
[1652, 784] [1679, 811]
[1680, 784] [1707, 811]
[1708, 784] [1735, 811]
[1736, 784] [1763, 811]
[1764, 784] [1791, 811]
[1792, 784] [1819, 811]
[0, 812] [27, 839]
[28, 812] [55, 839]
[56, 812] [83, 839]
[84, 812] [111, 839]
[112, 812] [139, 839]
[140, 812] [167, 839]
[168, 812] [195, 839]
[196, 812] [223, 839]
[224, 812] [251, 839]
[252, 812] [279, 839]
[280, 812] [307, 839]
[308, 812] [335, 839]
[336, 812] [363, 839]
[364, 812] [391, 839]
[392, 812] [419, 839]
[420, 812] [447, 839]
[448, 812] [475, 839]
[476, 812] [503, 839]
[504, 812] [531, 839]
[532, 812] [559, 839]
[560, 812] [587, 839]
[588, 812] [615, 839]
[616, 812] [643, 839]
[644, 812] [671, 839]
[672, 812] [699, 839]
[700, 812] [727, 839]
[728, 812] [755, 839]
[756, 812] [783, 839]
[784, 812] [811, 839]
[812, 812] [839, 839]
[840, 812] [867, 839]
[868, 812] [895, 839]
[896, 812] [923, 839]
[924, 812] [951, 839]
[952, 812] [979, 839]
[980, 812] [1007, 839]
[1008, 812] [1035, 839]
[1036, 812] [1063, 839]
[1064, 812] [1091, 839]
[1092, 812] [1119, 839]
[1120, 812] [1147, 839]
[1148, 812] [1175, 839]
[1176, 812] [1203, 839]
[1204, 812] [1231, 839]
[1232, 812] [1259, 839]
[1260, 812] [1287, 839]
[1288, 812] [1315, 839]
[1316, 812] [1343, 839]
[1344, 812] [1371, 839]
[1372, 812] [1399, 839]
[1400, 812] [1427, 839]
[1428, 812] [1455, 839]
[1456, 812] [1483, 839]
[1484, 812] [1511, 839]
[1512, 812] [1539, 839]
[1540, 812] [1567, 839]
[1568, 812] [1595, 839]
[1596, 812] [1623, 839]
[1624, 812] [1651, 839]
[1652, 812] [1679, 839]
[1680, 812] [1707, 839]
[1708, 812] [1735, 839]
[1736, 812] [1763, 839]
[1764, 812] [1791, 839]
[1792, 812] [1819, 839]
[0, 840] [27, 867]
[28, 840] [55, 867]
[56, 840] [83, 867]
[84, 840] [111, 867]
[112, 840] [139, 867]
[140, 840] [167, 867]
[168, 840] [195, 867]
[196, 840] [223, 867]
[224, 840] [251, 867]
[252, 840] [279, 867]
[280, 840] [307, 867]
[308, 840] [335, 867]
[336, 840] [363, 867]
[364, 840] [391, 867]
[392, 840] [419, 867]
[420, 840] [447, 867]
[448, 840] [475, 867]
[476, 840] [503, 867]
[504, 840] [531, 867]
[532, 840] [559, 867]
[560, 840] [587, 867]
[588, 840] [615, 867]
[616, 840] [643, 867]
[644, 840] [671, 867]
[672, 840] [699, 867]
[700, 840] [727, 867]
[728, 840] [755, 867]
[756, 840] [783, 867]
[784, 840] [811, 867]
[812, 840] [839, 867]
[840, 840] [867, 867]
[868, 840] [895, 867]
[896, 840] [923, 867]
[924, 840] [951, 867]
[952, 840] [979, 867]
[980, 840] [1007, 867]
[1008, 840] [1035, 867]
[1036, 840] [1063, 867]
[1064, 840] [1091, 867]
[1092, 840] [1119, 867]
[1120, 840] [1147, 867]
[1148, 840] [1175, 867]
[1176, 840] [1203, 867]
[1204, 840] [1231, 867]
[1232, 840] [1259, 867]
[1260, 840] [1287, 867]
[1288, 840] [1315, 867]
[1316, 840] [1343, 867]
[1344, 840] [1371, 867]
[1372, 840] [1399, 867]
[1400, 840] [1427, 867]
[1428, 840] [1455, 867]
[1456, 840] [1483, 867]
[1484, 840] [1511, 867]
[1512, 840] [1539, 867]
[1540, 840] [1567, 867]
[1568, 840] [1595, 867]
[1596, 840] [1623, 867]
[1624, 840] [1651, 867]
[1652, 840] [1679, 867]
[1680, 840] [1707, 867]
[1708, 840] [1735, 867]
[1736, 840] [1763, 867]
[1764, 840] [1791, 867]
[1792, 840] [1819, 867]
[0, 868] [27, 895]
[28, 868] [55, 895]
[56, 868] [83, 895]
[84, 868] [111, 895]
[112, 868] [139, 895]
[140, 868] [167, 895]
[168, 868] [195, 895]
[196, 868] [223, 895]
[224, 868] [251, 895]
[252, 868] [279, 895]
[280, 868] [307, 895]
[308, 868] [335, 895]
[336, 868] [363, 895]
[364, 868] [391, 895]
[392, 868] [419, 895]
[420, 868] [447, 895]
[448, 868] [475, 895]
[476, 868] [503, 895]
[504, 868] [531, 895]
[532, 868] [559, 895]
[560, 868] [587, 895]
[588, 868] [615, 895]
[616, 868] [643, 895]
[644, 868] [671, 895]
[672, 868] [699, 895]
[700, 868] [727, 895]
[728, 868] [755, 895]
[756, 868] [783, 895]
[784, 868] [811, 895]
[812, 868] [839, 895]
[840, 868] [867, 895]
[868, 868] [895, 895]
[896, 868] [923, 895]
[924, 868] [951, 895]
[952, 868] [979, 895]
[980, 868] [1007, 895]
[1008, 868] [1035, 895]
[1036, 868] [1063, 895]
[1064, 868] [1091, 895]
[1092, 868] [1119, 895]
[1120, 868] [1147, 895]
[1148, 868] [1175, 895]
[1176, 868] [1203, 895]
[1204, 868] [1231, 895]
[1232, 868] [1259, 895]
[1260, 868] [1287, 895]
[1288, 868] [1315, 895]
[1316, 868] [1343, 895]
[1344, 868] [1371, 895]
[1372, 868] [1399, 895]
[1400, 868] [1427, 895]
[1428, 868] [1455, 895]
[1456, 868] [1483, 895]
[1484, 868] [1511, 895]
[1512, 868] [1539, 895]
[1540, 868] [1567, 895]
[1568, 868] [1595, 895]
[1596, 868] [1623, 895]
[1624, 868] [1651, 895]
[1652, 868] [1679, 895]
[1680, 868] [1707, 895]
[1708, 868] [1735, 895]
[1736, 868] [1763, 895]
[1764, 868] [1791, 895]
[1792, 868] [1819, 895]
[0, 896] [27, 923]
[28, 896] [55, 923]
[56, 896] [83, 923]
[84, 896] [111, 923]
[112, 896] [139, 923]
[140, 896] [167, 923]
[168, 896] [195, 923]
[196, 896] [223, 923]
[224, 896] [251, 923]
[252, 896] [279, 923]
[280, 896] [307, 923]
[308, 896] [335, 923]
[336, 896] [363, 923]
[364, 896] [391, 923]
[392, 896] [419, 923]
[420, 896] [447, 923]
[448, 896] [475, 923]
[476, 896] [503, 923]
[504, 896] [531, 923]
[532, 896] [559, 923]
[560, 896] [587, 923]
[588, 896] [615, 923]
[616, 896] [643, 923]
[644, 896] [671, 923]
[672, 896] [699, 923]
[700, 896] [727, 923]
[728, 896] [755, 923]
[756, 896] [783, 923]
[784, 896] [811, 923]
[812, 896] [839, 923]
[840, 896] [867, 923]
[868, 896] [895, 923]
[896, 896] [923, 923]
[924, 896] [951, 923]
[952, 896] [979, 923]
[980, 896] [1007, 923]
[1008, 896] [1035, 923]
[1036, 896] [1063, 923]
[1064, 896] [1091, 923]
[1092, 896] [1119, 923]
[1120, 896] [1147, 923]
[1148, 896] [1175, 923]
[1176, 896] [1203, 923]
[1204, 896] [1231, 923]
[1232, 896] [1259, 923]
[1260, 896] [1287, 923]
[1288, 896] [1315, 923]
[1316, 896] [1343, 923]
[1344, 896] [1371, 923]
[1372, 896] [1399, 923]
[1400, 896] [1427, 923]
[1428, 896] [1455, 923]
[1456, 896] [1483, 923]
[1484, 896] [1511, 923]
[1512, 896] [1539, 923]
[1540, 896] [1567, 923]
[1568, 896] [1595, 923]
[1596, 896] [1623, 923]
[1624, 896] [1651, 923]
[1652, 896] [1679, 923]
[1680, 896] [1707, 923]
[1708, 896] [1735, 923]
[1736, 896] [1763, 923]
[1764, 896] [1791, 923]
[1792, 896] [1819, 923]
[0, 924] [27, 951]
[28, 924] [55, 951]
[56, 924] [83, 951]
[84, 924] [111, 951]
[112, 924] [139, 951]
[140, 924] [167, 951]
[168, 924] [195, 951]
[196, 924] [223, 951]
[224, 924] [251, 951]
[252, 924] [279, 951]
[280, 924] [307, 951]
[308, 924] [335, 951]
[336, 924] [363, 951]
[364, 924] [391, 951]
[392, 924] [419, 951]
[420, 924] [447, 951]
[448, 924] [475, 951]
[476, 924] [503, 951]
[504, 924] [531, 951]
[532, 924] [559, 951]
[560, 924] [587, 951]
[588, 924] [615, 951]
[616, 924] [643, 951]
[644, 924] [671, 951]
[672, 924] [699, 951]
[700, 924] [727, 951]
[728, 924] [755, 951]
[756, 924] [783, 951]
[784, 924] [811, 951]
[812, 924] [839, 951]
[840, 924] [867, 951]
[868, 924] [895, 951]
[896, 924] [923, 951]
[924, 924] [951, 951]
[952, 924] [979, 951]
[980, 924] [1007, 951]
[1008, 924] [1035, 951]
[1036, 924] [1063, 951]
[1064, 924] [1091, 951]
[1092, 924] [1119, 951]
[1120, 924] [1147, 951]
[1148, 924] [1175, 951]
[1176, 924] [1203, 951]
[1204, 924] [1231, 951]
[1232, 924] [1259, 951]
[1260, 924] [1287, 951]
[1288, 924] [1315, 951]
[1316, 924] [1343, 951]
[1344, 924] [1371, 951]
[1372, 924] [1399, 951]
[1400, 924] [1427, 951]
[1428, 924] [1455, 951]
[1456, 924] [1483, 951]
[1484, 924] [1511, 951]
[1512, 924] [1539, 951]
[1540, 924] [1567, 951]
[1568, 924] [1595, 951]
[1596, 924] [1623, 951]
[1624, 924] [1651, 951]
[1652, 924] [1679, 951]
[1680, 924] [1707, 951]
[1708, 924] [1735, 951]
[1736, 924] [1763, 951]
[1764, 924] [1791, 951]
[1792, 924] [1819, 951]
[0, 952] [27, 979]
[28, 952] [55, 979]
[56, 952] [83, 979]
[84, 952] [111, 979]
[112, 952] [139, 979]
[140, 952] [167, 979]
[168, 952] [195, 979]
[196, 952] [223, 979]
[224, 952] [251, 979]
[252, 952] [279, 979]
[280, 952] [307, 979]
[308, 952] [335, 979]
[336, 952] [363, 979]
[364, 952] [391, 979]
[392, 952] [419, 979]
[420, 952] [447, 979]
[448, 952] [475, 979]
[476, 952] [503, 979]
[504, 952] [531, 979]
[532, 952] [559, 979]
[560, 952] [587, 979]
[588, 952] [615, 979]
[616, 952] [643, 979]
[644, 952] [671, 979]
[672, 952] [699, 979]
[700, 952] [727, 979]
[728, 952] [755, 979]
[756, 952] [783, 979]
[784, 952] [811, 979]
[812, 952] [839, 979]
[840, 952] [867, 979]
[868, 952] [895, 979]
[896, 952] [923, 979]
[924, 952] [951, 979]
[952, 952] [979, 979]
[980, 952] [1007, 979]
[1008, 952] [1035, 979]
[1036, 952] [1063, 979]
[1064, 952] [1091, 979]
[1092, 952] [1119, 979]
[1120, 952] [1147, 979]
[1148, 952] [1175, 979]
[1176, 952] [1203, 979]
[1204, 952] [1231, 979]
[1232, 952] [1259, 979]
[1260, 952] [1287, 979]
[1288, 952] [1315, 979]
[1316, 952] [1343, 979]
[1344, 952] [1371, 979]
[1372, 952] [1399, 979]
[1400, 952] [1427, 979]
[1428, 952] [1455, 979]
[1456, 952] [1483, 979]
[1484, 952] [1511, 979]
[1512, 952] [1539, 979]
[1540, 952] [1567, 979]
[1568, 952] [1595, 979]
[1596, 952] [1623, 979]
[1624, 952] [1651, 979]
[1652, 952] [1679, 979]
[1680, 952] [1707, 979]
[1708, 952] [1735, 979]
[1736, 952] [1763, 979]
[1764, 952] [1791, 979]
[1792, 952] [1819, 979]
[0, 980] [27, 1007]
[28, 980] [55, 1007]
[56, 980] [83, 1007]
[84, 980] [111, 1007]
[112, 980] [139, 1007]
[140, 980] [167, 1007]
[168, 980] [195, 1007]
[196, 980] [223, 1007]
[224, 980] [251, 1007]
[252, 980] [279, 1007]
[280, 980] [307, 1007]
[308, 980] [335, 1007]
[336, 980] [363, 1007]
[364, 980] [391, 1007]
[392, 980] [419, 1007]
[420, 980] [447, 1007]
[448, 980] [475, 1007]
[476, 980] [503, 1007]
[504, 980] [531, 1007]
[532, 980] [559, 1007]
[560, 980] [587, 1007]
[588, 980] [615, 1007]
[616, 980] [643, 1007]
[644, 980] [671, 1007]
[672, 980] [699, 1007]
[700, 980] [727, 1007]
[728, 980] [755, 1007]
[756, 980] [783, 1007]
[784, 980] [811, 1007]
[812, 980] [839, 1007]
[840, 980] [867, 1007]
[868, 980] [895, 1007]
[896, 980] [923, 1007]
[924, 980] [951, 1007]
[952, 980] [979, 1007]
[980, 980] [1007, 1007]
[1008, 980] [1035, 1007]
[1036, 980] [1063, 1007]
[1064, 980] [1091, 1007]
[1092, 980] [1119, 1007]
[1120, 980] [1147, 1007]
[1148, 980] [1175, 1007]
[1176, 980] [1203, 1007]
[1204, 980] [1231, 1007]
[1232, 980] [1259, 1007]
[1260, 980] [1287, 1007]
[1288, 980] [1315, 1007]
[1316, 980] [1343, 1007]
[1344, 980] [1371, 1007]
[1372, 980] [1399, 1007]
[1400, 980] [1427, 1007]
[1428, 980] [1455, 1007]
[1456, 980] [1483, 1007]
[1484, 980] [1511, 1007]
[1512, 980] [1539, 1007]
[1540, 980] [1567, 1007]
[1568, 980] [1595, 1007]
[1596, 980] [1623, 1007]
[1624, 980] [1651, 1007]
[1652, 980] [1679, 1007]
[1680, 980] [1707, 1007]
[1708, 980] [1735, 1007]
[1736, 980] [1763, 1007]
[1764, 980] [1791, 1007]
[1792, 980] [1819, 1007]
[0, 1008] [27, 1035]
[28, 1008] [55, 1035]
[56, 1008] [83, 1035]
[84, 1008] [111, 1035]
[112, 1008] [139, 1035]
[140, 1008] [167, 1035]
[168, 1008] [195, 1035]
[196, 1008] [223, 1035]
[224, 1008] [251, 1035]
[252, 1008] [279, 1035]
[280, 1008] [307, 1035]
[308, 1008] [335, 1035]
[336, 1008] [363, 1035]
[364, 1008] [391, 1035]
[392, 1008] [419, 1035]
[420, 1008] [447, 1035]
[448, 1008] [475, 1035]
[476, 1008] [503, 1035]
[504, 1008] [531, 1035]
[532, 1008] [559, 1035]
[560, 1008] [587, 1035]
[588, 1008] [615, 1035]
[616, 1008] [643, 1035]
[644, 1008] [671, 1035]
[672, 1008] [699, 1035]
[700, 1008] [727, 1035]
[728, 1008] [755, 1035]
[756, 1008] [783, 1035]
[784, 1008] [811, 1035]
[812, 1008] [839, 1035]
[840, 1008] [867, 1035]
[868, 1008] [895, 1035]
[896, 1008] [923, 1035]
[924, 1008] [951, 1035]
[952, 1008] [979, 1035]
[980, 1008] [1007, 1035]
[1008, 1008] [1035, 1035]
[1036, 1008] [1063, 1035]
[1064, 1008] [1091, 1035]
[1092, 1008] [1119, 1035]
[1120, 1008] [1147, 1035]
[1148, 1008] [1175, 1035]
[1176, 1008] [1203, 1035]
[1204, 1008] [1231, 1035]
[1232, 1008] [1259, 1035]
[1260, 1008] [1287, 1035]
[1288, 1008] [1315, 1035]
[1316, 1008] [1343, 1035]
[1344, 1008] [1371, 1035]
[1372, 1008] [1399, 1035]
[1400, 1008] [1427, 1035]
[1428, 1008] [1455, 1035]
[1456, 1008] [1483, 1035]
[1484, 1008] [1511, 1035]
[1512, 1008] [1539, 1035]
[1540, 1008] [1567, 1035]
[1568, 1008] [1595, 1035]
[1596, 1008] [1623, 1035]
[1624, 1008] [1651, 1035]
[1652, 1008] [1679, 1035]
[1680, 1008] [1707, 1035]
[1708, 1008] [1735, 1035]
[1736, 1008] [1763, 1035]
[1764, 1008] [1791, 1035]
[1792, 1008] [1819, 1035]
[0, 1036] [27, 1063]
[28, 1036] [55, 1063]
[56, 1036] [83, 1063]
[84, 1036] [111, 1063]
[112, 1036] [139, 1063]
[140, 1036] [167, 1063]
[168, 1036] [195, 1063]
[196, 1036] [223, 1063]
[224, 1036] [251, 1063]
[252, 1036] [279, 1063]
[280, 1036] [307, 1063]
[308, 1036] [335, 1063]
[336, 1036] [363, 1063]
[364, 1036] [391, 1063]
[392, 1036] [419, 1063]
[420, 1036] [447, 1063]
[448, 1036] [475, 1063]
[476, 1036] [503, 1063]
[504, 1036] [531, 1063]
[532, 1036] [559, 1063]
[560, 1036] [587, 1063]
[588, 1036] [615, 1063]
[616, 1036] [643, 1063]
[644, 1036] [671, 1063]
[672, 1036] [699, 1063]
[700, 1036] [727, 1063]
[728, 1036] [755, 1063]
[756, 1036] [783, 1063]
[784, 1036] [811, 1063]
[812, 1036] [839, 1063]
[840, 1036] [867, 1063]
[868, 1036] [895, 1063]
[896, 1036] [923, 1063]
[924, 1036] [951, 1063]
[952, 1036] [979, 1063]
[980, 1036] [1007, 1063]
[1008, 1036] [1035, 1063]
[1036, 1036] [1063, 1063]
[1064, 1036] [1091, 1063]
[1092, 1036] [1119, 1063]
[1120, 1036] [1147, 1063]
[1148, 1036] [1175, 1063]
[1176, 1036] [1203, 1063]
[1204, 1036] [1231, 1063]
[1232, 1036] [1259, 1063]
[1260, 1036] [1287, 1063]
[1288, 1036] [1315, 1063]
[1316, 1036] [1343, 1063]
[1344, 1036] [1371, 1063]
[1372, 1036] [1399, 1063]
[1400, 1036] [1427, 1063]
[1428, 1036] [1455, 1063]
[1456, 1036] [1483, 1063]
[1484, 1036] [1511, 1063]
[1512, 1036] [1539, 1063]
[1540, 1036] [1567, 1063]
[1568, 1036] [1595, 1063]
[1596, 1036] [1623, 1063]
[1624, 1036] [1651, 1063]
[1652, 1036] [1679, 1063]
[1680, 1036] [1707, 1063]
[1708, 1036] [1735, 1063]
[1736, 1036] [1763, 1063]
[1764, 1036] [1791, 1063]
[1792, 1036] [1819, 1063]
[0, 1064] [27, 1091]
[28, 1064] [55, 1091]
[56, 1064] [83, 1091]
[84, 1064] [111, 1091]
[112, 1064] [139, 1091]
[140, 1064] [167, 1091]
[168, 1064] [195, 1091]
[196, 1064] [223, 1091]
[224, 1064] [251, 1091]
[252, 1064] [279, 1091]
[280, 1064] [307, 1091]
[308, 1064] [335, 1091]
[336, 1064] [363, 1091]
[364, 1064] [391, 1091]
[392, 1064] [419, 1091]
[420, 1064] [447, 1091]
[448, 1064] [475, 1091]
[476, 1064] [503, 1091]
[504, 1064] [531, 1091]
[532, 1064] [559, 1091]
[560, 1064] [587, 1091]
[588, 1064] [615, 1091]
[616, 1064] [643, 1091]
[644, 1064] [671, 1091]
[672, 1064] [699, 1091]
[700, 1064] [727, 1091]
[728, 1064] [755, 1091]
[756, 1064] [783, 1091]
[784, 1064] [811, 1091]
[812, 1064] [839, 1091]
[840, 1064] [867, 1091]
[868, 1064] [895, 1091]
[896, 1064] [923, 1091]
[924, 1064] [951, 1091]
[952, 1064] [979, 1091]
[980, 1064] [1007, 1091]
[1008, 1064] [1035, 1091]
[1036, 1064] [1063, 1091]
[1064, 1064] [1091, 1091]
[1092, 1064] [1119, 1091]
[1120, 1064] [1147, 1091]
[1148, 1064] [1175, 1091]
[1176, 1064] [1203, 1091]
[1204, 1064] [1231, 1091]
[1232, 1064] [1259, 1091]
[1260, 1064] [1287, 1091]
[1288, 1064] [1315, 1091]
[1316, 1064] [1343, 1091]
[1344, 1064] [1371, 1091]
[1372, 1064] [1399, 1091]
[1400, 1064] [1427, 1091]
[1428, 1064] [1455, 1091]
[1456, 1064] [1483, 1091]
[1484, 1064] [1511, 1091]
[1512, 1064] [1539, 1091]
[1540, 1064] [1567, 1091]
[1568, 1064] [1595, 1091]
[1596, 1064] [1623, 1091]
[1624, 1064] [1651, 1091]
[1652, 1064] [1679, 1091]
[1680, 1064] [1707, 1091]
[1708, 1064] [1735, 1091]
[1736, 1064] [1763, 1091]
[1764, 1064] [1791, 1091]
[1792, 1064] [1819, 1091]
[0, 1092] [27, 1119]
[28, 1092] [55, 1119]
[56, 1092] [83, 1119]
[84, 1092] [111, 1119]
[112, 1092] [139, 1119]
[140, 1092] [167, 1119]
[168, 1092] [195, 1119]
[196, 1092] [223, 1119]
[224, 1092] [251, 1119]
[252, 1092] [279, 1119]
[280, 1092] [307, 1119]
[308, 1092] [335, 1119]
[336, 1092] [363, 1119]
[364, 1092] [391, 1119]
[392, 1092] [419, 1119]
[420, 1092] [447, 1119]
[448, 1092] [475, 1119]
[476, 1092] [503, 1119]
[504, 1092] [531, 1119]
[532, 1092] [559, 1119]
[560, 1092] [587, 1119]
[588, 1092] [615, 1119]
[616, 1092] [643, 1119]
[644, 1092] [671, 1119]
[672, 1092] [699, 1119]
[700, 1092] [727, 1119]
[728, 1092] [755, 1119]
[756, 1092] [783, 1119]
[784, 1092] [811, 1119]
[812, 1092] [839, 1119]
[840, 1092] [867, 1119]
[868, 1092] [895, 1119]
[896, 1092] [923, 1119]
[924, 1092] [951, 1119]
[952, 1092] [979, 1119]
[980, 1092] [1007, 1119]
[1008, 1092] [1035, 1119]
[1036, 1092] [1063, 1119]
[1064, 1092] [1091, 1119]
[1092, 1092] [1119, 1119]
[1120, 1092] [1147, 1119]
[1148, 1092] [1175, 1119]
[1176, 1092] [1203, 1119]
[1204, 1092] [1231, 1119]
[1232, 1092] [1259, 1119]
[1260, 1092] [1287, 1119]
[1288, 1092] [1315, 1119]
[1316, 1092] [1343, 1119]
[1344, 1092] [1371, 1119]
[1372, 1092] [1399, 1119]
[1400, 1092] [1427, 1119]
[1428, 1092] [1455, 1119]
[1456, 1092] [1483, 1119]
[1484, 1092] [1511, 1119]
[1512, 1092] [1539, 1119]
[1540, 1092] [1567, 1119]
[1568, 1092] [1595, 1119]
[1596, 1092] [1623, 1119]
[1624, 1092] [1651, 1119]
[1652, 1092] [1679, 1119]
[1680, 1092] [1707, 1119]
[1708, 1092] [1735, 1119]
[1736, 1092] [1763, 1119]
[1764, 1092] [1791, 1119]
[1792, 1092] [1819, 1119]
[0, 1120] [27, 1147]
[28, 1120] [55, 1147]
[56, 1120] [83, 1147]
[84, 1120] [111, 1147]
[112, 1120] [139, 1147]
[140, 1120] [167, 1147]
[168, 1120] [195, 1147]
[196, 1120] [223, 1147]
[224, 1120] [251, 1147]
[252, 1120] [279, 1147]
[280, 1120] [307, 1147]
[308, 1120] [335, 1147]
[336, 1120] [363, 1147]
[364, 1120] [391, 1147]
[392, 1120] [419, 1147]
[420, 1120] [447, 1147]
[448, 1120] [475, 1147]
[476, 1120] [503, 1147]
[504, 1120] [531, 1147]
[532, 1120] [559, 1147]
[560, 1120] [587, 1147]
[588, 1120] [615, 1147]
[616, 1120] [643, 1147]
[644, 1120] [671, 1147]
[672, 1120] [699, 1147]
[700, 1120] [727, 1147]
[728, 1120] [755, 1147]
[756, 1120] [783, 1147]
[784, 1120] [811, 1147]
[812, 1120] [839, 1147]
[840, 1120] [867, 1147]
[868, 1120] [895, 1147]
[896, 1120] [923, 1147]
[924, 1120] [951, 1147]
[952, 1120] [979, 1147]
[980, 1120] [1007, 1147]
[1008, 1120] [1035, 1147]
[1036, 1120] [1063, 1147]
[1064, 1120] [1091, 1147]
[1092, 1120] [1119, 1147]
[1120, 1120] [1147, 1147]
[1148, 1120] [1175, 1147]
[1176, 1120] [1203, 1147]
[1204, 1120] [1231, 1147]
[1232, 1120] [1259, 1147]
[1260, 1120] [1287, 1147]
[1288, 1120] [1315, 1147]
[1316, 1120] [1343, 1147]
[1344, 1120] [1371, 1147]
[1372, 1120] [1399, 1147]
[1400, 1120] [1427, 1147]
[1428, 1120] [1455, 1147]
[1456, 1120] [1483, 1147]
[1484, 1120] [1511, 1147]
[1512, 1120] [1539, 1147]
[1540, 1120] [1567, 1147]
[1568, 1120] [1595, 1147]
[1596, 1120] [1623, 1147]
[1624, 1120] [1651, 1147]
[1652, 1120] [1679, 1147]
[1680, 1120] [1707, 1147]
[1708, 1120] [1735, 1147]
[1736, 1120] [1763, 1147]
[1764, 1120] [1791, 1147]
[1792, 1120] [1819, 1147]
[0, 1148] [27, 1175]
[28, 1148] [55, 1175]
[56, 1148] [83, 1175]
[84, 1148] [111, 1175]
[112, 1148] [139, 1175]
[140, 1148] [167, 1175]
[168, 1148] [195, 1175]
[196, 1148] [223, 1175]
[224, 1148] [251, 1175]
[252, 1148] [279, 1175]
[280, 1148] [307, 1175]
[308, 1148] [335, 1175]
[336, 1148] [363, 1175]
[364, 1148] [391, 1175]
[392, 1148] [419, 1175]
[420, 1148] [447, 1175]
[448, 1148] [475, 1175]
[476, 1148] [503, 1175]
[504, 1148] [531, 1175]
[532, 1148] [559, 1175]
[560, 1148] [587, 1175]
[588, 1148] [615, 1175]
[616, 1148] [643, 1175]
[644, 1148] [671, 1175]
[672, 1148] [699, 1175]
[700, 1148] [727, 1175]
[728, 1148] [755, 1175]
[756, 1148] [783, 1175]
[784, 1148] [811, 1175]
[812, 1148] [839, 1175]
[840, 1148] [867, 1175]
[868, 1148] [895, 1175]
[896, 1148] [923, 1175]
[924, 1148] [951, 1175]
[952, 1148] [979, 1175]
[980, 1148] [1007, 1175]
[1008, 1148] [1035, 1175]
[1036, 1148] [1063, 1175]
[1064, 1148] [1091, 1175]
[1092, 1148] [1119, 1175]
[1120, 1148] [1147, 1175]
[1148, 1148] [1175, 1175]
[1176, 1148] [1203, 1175]
[1204, 1148] [1231, 1175]
[1232, 1148] [1259, 1175]
[1260, 1148] [1287, 1175]
[1288, 1148] [1315, 1175]
[1316, 1148] [1343, 1175]
[1344, 1148] [1371, 1175]
[1372, 1148] [1399, 1175]
[1400, 1148] [1427, 1175]
[1428, 1148] [1455, 1175]
[1456, 1148] [1483, 1175]
[1484, 1148] [1511, 1175]
[1512, 1148] [1539, 1175]
[1540, 1148] [1567, 1175]
[1568, 1148] [1595, 1175]
[1596, 1148] [1623, 1175]
[1624, 1148] [1651, 1175]
[1652, 1148] [1679, 1175]
[1680, 1148] [1707, 1175]
[1708, 1148] [1735, 1175]
[1736, 1148] [1763, 1175]
[1764, 1148] [1791, 1175]
[1792, 1148] [1819, 1175]
[0, 1176] [27, 1203]
[28, 1176] [55, 1203]
[56, 1176] [83, 1203]
[84, 1176] [111, 1203]
[112, 1176] [139, 1203]
[140, 1176] [167, 1203]
[168, 1176] [195, 1203]
[196, 1176] [223, 1203]
[224, 1176] [251, 1203]
[252, 1176] [279, 1203]
[280, 1176] [307, 1203]
[308, 1176] [335, 1203]
[336, 1176] [363, 1203]
[364, 1176] [391, 1203]
[392, 1176] [419, 1203]
[420, 1176] [447, 1203]
[448, 1176] [475, 1203]
[476, 1176] [503, 1203]
[504, 1176] [531, 1203]
[532, 1176] [559, 1203]
[560, 1176] [587, 1203]
[588, 1176] [615, 1203]
[616, 1176] [643, 1203]
[644, 1176] [671, 1203]
[672, 1176] [699, 1203]
[700, 1176] [727, 1203]
[728, 1176] [755, 1203]
[756, 1176] [783, 1203]
[784, 1176] [811, 1203]
[812, 1176] [839, 1203]
[840, 1176] [867, 1203]
[868, 1176] [895, 1203]
[896, 1176] [923, 1203]
[924, 1176] [951, 1203]
[952, 1176] [979, 1203]
[980, 1176] [1007, 1203]
[1008, 1176] [1035, 1203]
[1036, 1176] [1063, 1203]
[1064, 1176] [1091, 1203]
[1092, 1176] [1119, 1203]
[1120, 1176] [1147, 1203]
[1148, 1176] [1175, 1203]
[1176, 1176] [1203, 1203]
[1204, 1176] [1231, 1203]
[1232, 1176] [1259, 1203]
[1260, 1176] [1287, 1203]
[1288, 1176] [1315, 1203]
[1316, 1176] [1343, 1203]
[1344, 1176] [1371, 1203]
[1372, 1176] [1399, 1203]
[1400, 1176] [1427, 1203]
[1428, 1176] [1455, 1203]
[1456, 1176] [1483, 1203]
[1484, 1176] [1511, 1203]
[1512, 1176] [1539, 1203]
[1540, 1176] [1567, 1203]
[1568, 1176] [1595, 1203]
[1596, 1176] [1623, 1203]
[1624, 1176] [1651, 1203]
[1652, 1176] [1679, 1203]
[1680, 1176] [1707, 1203]
[1708, 1176] [1735, 1203]
[1736, 1176] [1763, 1203]
[1764, 1176] [1791, 1203]
[1792, 1176] [1819, 1203]
[0, 1204] [27, 1231]
[28, 1204] [55, 1231]
[56, 1204] [83, 1231]
[84, 1204] [111, 1231]
[112, 1204] [139, 1231]
[140, 1204] [167, 1231]
[168, 1204] [195, 1231]
[196, 1204] [223, 1231]
[224, 1204] [251, 1231]
[252, 1204] [279, 1231]
[280, 1204] [307, 1231]
[308, 1204] [335, 1231]
[336, 1204] [363, 1231]
[364, 1204] [391, 1231]
[392, 1204] [419, 1231]
[420, 1204] [447, 1231]
[448, 1204] [475, 1231]
[476, 1204] [503, 1231]
[504, 1204] [531, 1231]
[532, 1204] [559, 1231]
[560, 1204] [587, 1231]
[588, 1204] [615, 1231]
[616, 1204] [643, 1231]
[644, 1204] [671, 1231]
[672, 1204] [699, 1231]
[700, 1204] [727, 1231]
[728, 1204] [755, 1231]
[756, 1204] [783, 1231]
[784, 1204] [811, 1231]
[812, 1204] [839, 1231]
[840, 1204] [867, 1231]
[868, 1204] [895, 1231]
[896, 1204] [923, 1231]
[924, 1204] [951, 1231]
[952, 1204] [979, 1231]
[980, 1204] [1007, 1231]
[1008, 1204] [1035, 1231]
[1036, 1204] [1063, 1231]
[1064, 1204] [1091, 1231]
[1092, 1204] [1119, 1231]
[1120, 1204] [1147, 1231]
[1148, 1204] [1175, 1231]
[1176, 1204] [1203, 1231]
[1204, 1204] [1231, 1231]
[1232, 1204] [1259, 1231]
[1260, 1204] [1287, 1231]
[1288, 1204] [1315, 1231]
[1316, 1204] [1343, 1231]
[1344, 1204] [1371, 1231]
[1372, 1204] [1399, 1231]
[1400, 1204] [1427, 1231]
[1428, 1204] [1455, 1231]
[1456, 1204] [1483, 1231]
[1484, 1204] [1511, 1231]
[1512, 1204] [1539, 1231]
[1540, 1204] [1567, 1231]
[1568, 1204] [1595, 1231]
[1596, 1204] [1623, 1231]
[1624, 1204] [1651, 1231]
[1652, 1204] [1679, 1231]
[1680, 1204] [1707, 1231]
[1708, 1204] [1735, 1231]
[1736, 1204] [1763, 1231]
[1764, 1204] [1791, 1231]
[1792, 1204] [1819, 1231]
[0, 1232] [27, 1259]
[28, 1232] [55, 1259]
[56, 1232] [83, 1259]
[84, 1232] [111, 1259]
[112, 1232] [139, 1259]
[140, 1232] [167, 1259]
[168, 1232] [195, 1259]
[196, 1232] [223, 1259]
[224, 1232] [251, 1259]
[252, 1232] [279, 1259]
[280, 1232] [307, 1259]
[308, 1232] [335, 1259]
[336, 1232] [363, 1259]
[364, 1232] [391, 1259]
[392, 1232] [419, 1259]
[420, 1232] [447, 1259]
[448, 1232] [475, 1259]
[476, 1232] [503, 1259]
[504, 1232] [531, 1259]
[532, 1232] [559, 1259]
[560, 1232] [587, 1259]
[588, 1232] [615, 1259]
[616, 1232] [643, 1259]
[644, 1232] [671, 1259]
[672, 1232] [699, 1259]
[700, 1232] [727, 1259]
[728, 1232] [755, 1259]
[756, 1232] [783, 1259]
[784, 1232] [811, 1259]
[812, 1232] [839, 1259]
[840, 1232] [867, 1259]
[868, 1232] [895, 1259]
[896, 1232] [923, 1259]
[924, 1232] [951, 1259]
[952, 1232] [979, 1259]
[980, 1232] [1007, 1259]
[1008, 1232] [1035, 1259]
[1036, 1232] [1063, 1259]
[1064, 1232] [1091, 1259]
[1092, 1232] [1119, 1259]
[1120, 1232] [1147, 1259]
[1148, 1232] [1175, 1259]
[1176, 1232] [1203, 1259]
[1204, 1232] [1231, 1259]
[1232, 1232] [1259, 1259]
[1260, 1232] [1287, 1259]
[1288, 1232] [1315, 1259]
[1316, 1232] [1343, 1259]
[1344, 1232] [1371, 1259]
[1372, 1232] [1399, 1259]
[1400, 1232] [1427, 1259]
[1428, 1232] [1455, 1259]
[1456, 1232] [1483, 1259]
[1484, 1232] [1511, 1259]
[1512, 1232] [1539, 1259]
[1540, 1232] [1567, 1259]
[1568, 1232] [1595, 1259]
[1596, 1232] [1623, 1259]
[1624, 1232] [1651, 1259]
[1652, 1232] [1679, 1259]
[1680, 1232] [1707, 1259]
[1708, 1232] [1735, 1259]
[1736, 1232] [1763, 1259]
[1764, 1232] [1791, 1259]
[1792, 1232] [1819, 1259]
[0, 1260] [27, 1287]
[28, 1260] [55, 1287]
[56, 1260] [83, 1287]
[84, 1260] [111, 1287]
[112, 1260] [139, 1287]
[140, 1260] [167, 1287]
[168, 1260] [195, 1287]
[196, 1260] [223, 1287]
[224, 1260] [251, 1287]
[252, 1260] [279, 1287]
[280, 1260] [307, 1287]
[308, 1260] [335, 1287]
[336, 1260] [363, 1287]
[364, 1260] [391, 1287]
[392, 1260] [419, 1287]
[420, 1260] [447, 1287]
[448, 1260] [475, 1287]
[476, 1260] [503, 1287]
[504, 1260] [531, 1287]
[532, 1260] [559, 1287]
[560, 1260] [587, 1287]
[588, 1260] [615, 1287]
[616, 1260] [643, 1287]
[644, 1260] [671, 1287]
[672, 1260] [699, 1287]
[700, 1260] [727, 1287]
[728, 1260] [755, 1287]
[756, 1260] [783, 1287]
[784, 1260] [811, 1287]
[812, 1260] [839, 1287]
[840, 1260] [867, 1287]
[868, 1260] [895, 1287]
[896, 1260] [923, 1287]
[924, 1260] [951, 1287]
[952, 1260] [979, 1287]
[980, 1260] [1007, 1287]
[1008, 1260] [1035, 1287]
[1036, 1260] [1063, 1287]
[1064, 1260] [1091, 1287]
[1092, 1260] [1119, 1287]
[1120, 1260] [1147, 1287]
[1148, 1260] [1175, 1287]
[1176, 1260] [1203, 1287]
[1204, 1260] [1231, 1287]
[1232, 1260] [1259, 1287]
[1260, 1260] [1287, 1287]
[1288, 1260] [1315, 1287]
[1316, 1260] [1343, 1287]
[1344, 1260] [1371, 1287]
[1372, 1260] [1399, 1287]
[1400, 1260] [1427, 1287]
[1428, 1260] [1455, 1287]
[1456, 1260] [1483, 1287]
[1484, 1260] [1511, 1287]
[1512, 1260] [1539, 1287]
[1540, 1260] [1567, 1287]
[1568, 1260] [1595, 1287]
[1596, 1260] [1623, 1287]
[1624, 1260] [1651, 1287]
[1652, 1260] [1679, 1287]
[1680, 1260] [1707, 1287]
[1708, 1260] [1735, 1287]
[1736, 1260] [1763, 1287]
[1764, 1260] [1791, 1287]
[1792, 1260] [1819, 1287]
[0, 1288] [27, 1315]
[28, 1288] [55, 1315]
[56, 1288] [83, 1315]
[84, 1288] [111, 1315]
[112, 1288] [139, 1315]
[140, 1288] [167, 1315]
[168, 1288] [195, 1315]
[196, 1288] [223, 1315]
[224, 1288] [251, 1315]
[252, 1288] [279, 1315]
[280, 1288] [307, 1315]
[308, 1288] [335, 1315]
[336, 1288] [363, 1315]
[364, 1288] [391, 1315]
[392, 1288] [419, 1315]
[420, 1288] [447, 1315]
[448, 1288] [475, 1315]
[476, 1288] [503, 1315]
[504, 1288] [531, 1315]
[532, 1288] [559, 1315]
[560, 1288] [587, 1315]
[588, 1288] [615, 1315]
[616, 1288] [643, 1315]
[644, 1288] [671, 1315]
[672, 1288] [699, 1315]
[700, 1288] [727, 1315]
[728, 1288] [755, 1315]
[756, 1288] [783, 1315]
[784, 1288] [811, 1315]
[812, 1288] [839, 1315]
[840, 1288] [867, 1315]
[868, 1288] [895, 1315]
[896, 1288] [923, 1315]
[924, 1288] [951, 1315]
[952, 1288] [979, 1315]
[980, 1288] [1007, 1315]
[1008, 1288] [1035, 1315]
[1036, 1288] [1063, 1315]
[1064, 1288] [1091, 1315]
[1092, 1288] [1119, 1315]
[1120, 1288] [1147, 1315]
[1148, 1288] [1175, 1315]
[1176, 1288] [1203, 1315]
[1204, 1288] [1231, 1315]
[1232, 1288] [1259, 1315]
[1260, 1288] [1287, 1315]
[1288, 1288] [1315, 1315]
[1316, 1288] [1343, 1315]
[1344, 1288] [1371, 1315]
[1372, 1288] [1399, 1315]
[1400, 1288] [1427, 1315]
[1428, 1288] [1455, 1315]
[1456, 1288] [1483, 1315]
[1484, 1288] [1511, 1315]
[1512, 1288] [1539, 1315]
[1540, 1288] [1567, 1315]
[1568, 1288] [1595, 1315]
[1596, 1288] [1623, 1315]
[1624, 1288] [1651, 1315]
[1652, 1288] [1679, 1315]
[1680, 1288] [1707, 1315]
[1708, 1288] [1735, 1315]
[1736, 1288] [1763, 1315]
[1764, 1288] [1791, 1315]
[1792, 1288] [1819, 1315]
[0, 1316] [27, 1343]
[28, 1316] [55, 1343]
[56, 1316] [83, 1343]
[84, 1316] [111, 1343]
[112, 1316] [139, 1343]
[140, 1316] [167, 1343]
[168, 1316] [195, 1343]
[196, 1316] [223, 1343]
[224, 1316] [251, 1343]
[252, 1316] [279, 1343]
[280, 1316] [307, 1343]
[308, 1316] [335, 1343]
[336, 1316] [363, 1343]
[364, 1316] [391, 1343]
[392, 1316] [419, 1343]
[420, 1316] [447, 1343]
[448, 1316] [475, 1343]
[476, 1316] [503, 1343]
[504, 1316] [531, 1343]
[532, 1316] [559, 1343]
[560, 1316] [587, 1343]
[588, 1316] [615, 1343]
[616, 1316] [643, 1343]
[644, 1316] [671, 1343]
[672, 1316] [699, 1343]
[700, 1316] [727, 1343]
[728, 1316] [755, 1343]
[756, 1316] [783, 1343]
[784, 1316] [811, 1343]
[812, 1316] [839, 1343]
[840, 1316] [867, 1343]
[868, 1316] [895, 1343]
[896, 1316] [923, 1343]
[924, 1316] [951, 1343]
[952, 1316] [979, 1343]
[980, 1316] [1007, 1343]
[1008, 1316] [1035, 1343]
[1036, 1316] [1063, 1343]
[1064, 1316] [1091, 1343]
[1092, 1316] [1119, 1343]
[1120, 1316] [1147, 1343]
[1148, 1316] [1175, 1343]
[1176, 1316] [1203, 1343]
[1204, 1316] [1231, 1343]
[1232, 1316] [1259, 1343]
[1260, 1316] [1287, 1343]
[1288, 1316] [1315, 1343]
[1316, 1316] [1343, 1343]
[1344, 1316] [1371, 1343]
[1372, 1316] [1399, 1343]
[1400, 1316] [1427, 1343]
[1428, 1316] [1455, 1343]
[1456, 1316] [1483, 1343]
[1484, 1316] [1511, 1343]
[1512, 1316] [1539, 1343]
[1540, 1316] [1567, 1343]
[1568, 1316] [1595, 1343]
[1596, 1316] [1623, 1343]
[1624, 1316] [1651, 1343]
[1652, 1316] [1679, 1343]
[1680, 1316] [1707, 1343]
[1708, 1316] [1735, 1343]
[1736, 1316] [1763, 1343]
[1764, 1316] [1791, 1343]
[1792, 1316] [1819, 1343]
[0, 1344] [27, 1371]
[28, 1344] [55, 1371]
[56, 1344] [83, 1371]
[84, 1344] [111, 1371]
[112, 1344] [139, 1371]
[140, 1344] [167, 1371]
[168, 1344] [195, 1371]
[196, 1344] [223, 1371]
[224, 1344] [251, 1371]
[252, 1344] [279, 1371]
[280, 1344] [307, 1371]
[308, 1344] [335, 1371]
[336, 1344] [363, 1371]
[364, 1344] [391, 1371]
[392, 1344] [419, 1371]
[420, 1344] [447, 1371]
[448, 1344] [475, 1371]
[476, 1344] [503, 1371]
[504, 1344] [531, 1371]
[532, 1344] [559, 1371]
[560, 1344] [587, 1371]
[588, 1344] [615, 1371]
[616, 1344] [643, 1371]
[644, 1344] [671, 1371]
[672, 1344] [699, 1371]
[700, 1344] [727, 1371]
[728, 1344] [755, 1371]
[756, 1344] [783, 1371]
[784, 1344] [811, 1371]
[812, 1344] [839, 1371]
[840, 1344] [867, 1371]
[868, 1344] [895, 1371]
[896, 1344] [923, 1371]
[924, 1344] [951, 1371]
[952, 1344] [979, 1371]
[980, 1344] [1007, 1371]
[1008, 1344] [1035, 1371]
[1036, 1344] [1063, 1371]
[1064, 1344] [1091, 1371]
[1092, 1344] [1119, 1371]
[1120, 1344] [1147, 1371]
[1148, 1344] [1175, 1371]
[1176, 1344] [1203, 1371]
[1204, 1344] [1231, 1371]
[1232, 1344] [1259, 1371]
[1260, 1344] [1287, 1371]
[1288, 1344] [1315, 1371]
[1316, 1344] [1343, 1371]
[1344, 1344] [1371, 1371]
[1372, 1344] [1399, 1371]
[1400, 1344] [1427, 1371]
[1428, 1344] [1455, 1371]
[1456, 1344] [1483, 1371]
[1484, 1344] [1511, 1371]
[1512, 1344] [1539, 1371]
[1540, 1344] [1567, 1371]
[1568, 1344] [1595, 1371]
[1596, 1344] [1623, 1371]
[1624, 1344] [1651, 1371]
[1652, 1344] [1679, 1371]
[1680, 1344] [1707, 1371]
[1708, 1344] [1735, 1371]
[1736, 1344] [1763, 1371]
[1764, 1344] [1791, 1371]
[1792, 1344] [1819, 1371]
[0, 1372] [27, 1399]
[28, 1372] [55, 1399]
[56, 1372] [83, 1399]
[84, 1372] [111, 1399]
[112, 1372] [139, 1399]
[140, 1372] [167, 1399]
[168, 1372] [195, 1399]
[196, 1372] [223, 1399]
[224, 1372] [251, 1399]
[252, 1372] [279, 1399]
[280, 1372] [307, 1399]
[308, 1372] [335, 1399]
[336, 1372] [363, 1399]
[364, 1372] [391, 1399]
[392, 1372] [419, 1399]
[420, 1372] [447, 1399]
[448, 1372] [475, 1399]
[476, 1372] [503, 1399]
[504, 1372] [531, 1399]
[532, 1372] [559, 1399]
[560, 1372] [587, 1399]
[588, 1372] [615, 1399]
[616, 1372] [643, 1399]
[644, 1372] [671, 1399]
[672, 1372] [699, 1399]
[700, 1372] [727, 1399]
[728, 1372] [755, 1399]
[756, 1372] [783, 1399]
[784, 1372] [811, 1399]
[812, 1372] [839, 1399]
[840, 1372] [867, 1399]
[868, 1372] [895, 1399]
[896, 1372] [923, 1399]
[924, 1372] [951, 1399]
[952, 1372] [979, 1399]
[980, 1372] [1007, 1399]
[1008, 1372] [1035, 1399]
[1036, 1372] [1063, 1399]
[1064, 1372] [1091, 1399]
[1092, 1372] [1119, 1399]
[1120, 1372] [1147, 1399]
[1148, 1372] [1175, 1399]
[1176, 1372] [1203, 1399]
[1204, 1372] [1231, 1399]
[1232, 1372] [1259, 1399]
[1260, 1372] [1287, 1399]
[1288, 1372] [1315, 1399]
[1316, 1372] [1343, 1399]
[1344, 1372] [1371, 1399]
[1372, 1372] [1399, 1399]
[1400, 1372] [1427, 1399]
[1428, 1372] [1455, 1399]
[1456, 1372] [1483, 1399]
[1484, 1372] [1511, 1399]
[1512, 1372] [1539, 1399]
[1540, 1372] [1567, 1399]
[1568, 1372] [1595, 1399]
[1596, 1372] [1623, 1399]
[1624, 1372] [1651, 1399]
[1652, 1372] [1679, 1399]
[1680, 1372] [1707, 1399]
[1708, 1372] [1735, 1399]
[1736, 1372] [1763, 1399]
[1764, 1372] [1791, 1399]
[1792, 1372] [1819, 1399]
[0, 1400] [27, 1427]
[28, 1400] [55, 1427]
[56, 1400] [83, 1427]
[84, 1400] [111, 1427]
[112, 1400] [139, 1427]
[140, 1400] [167, 1427]
[168, 1400] [195, 1427]
[196, 1400] [223, 1427]
[224, 1400] [251, 1427]
[252, 1400] [279, 1427]
[280, 1400] [307, 1427]
[308, 1400] [335, 1427]
[336, 1400] [363, 1427]
[364, 1400] [391, 1427]
[392, 1400] [419, 1427]
[420, 1400] [447, 1427]
[448, 1400] [475, 1427]
[476, 1400] [503, 1427]
[504, 1400] [531, 1427]
[532, 1400] [559, 1427]
[560, 1400] [587, 1427]
[588, 1400] [615, 1427]
[616, 1400] [643, 1427]
[644, 1400] [671, 1427]
[672, 1400] [699, 1427]
[700, 1400] [727, 1427]
[728, 1400] [755, 1427]
[756, 1400] [783, 1427]
[784, 1400] [811, 1427]
[812, 1400] [839, 1427]
[840, 1400] [867, 1427]
[868, 1400] [895, 1427]
[896, 1400] [923, 1427]
[924, 1400] [951, 1427]
[952, 1400] [979, 1427]
[980, 1400] [1007, 1427]
[1008, 1400] [1035, 1427]
[1036, 1400] [1063, 1427]
[1064, 1400] [1091, 1427]
[1092, 1400] [1119, 1427]
[1120, 1400] [1147, 1427]
[1148, 1400] [1175, 1427]
[1176, 1400] [1203, 1427]
[1204, 1400] [1231, 1427]
[1232, 1400] [1259, 1427]
[1260, 1400] [1287, 1427]
[1288, 1400] [1315, 1427]
[1316, 1400] [1343, 1427]
[1344, 1400] [1371, 1427]
[1372, 1400] [1399, 1427]
[1400, 1400] [1427, 1427]
[1428, 1400] [1455, 1427]
[1456, 1400] [1483, 1427]
[1484, 1400] [1511, 1427]
[1512, 1400] [1539, 1427]
[1540, 1400] [1567, 1427]
[1568, 1400] [1595, 1427]
[1596, 1400] [1623, 1427]
[1624, 1400] [1651, 1427]
[1652, 1400] [1679, 1427]
[1680, 1400] [1707, 1427]
[1708, 1400] [1735, 1427]
[1736, 1400] [1763, 1427]
[1764, 1400] [1791, 1427]
[1792, 1400] [1819, 1427]
[0, 1428] [27, 1455]
[28, 1428] [55, 1455]
[56, 1428] [83, 1455]
[84, 1428] [111, 1455]
[112, 1428] [139, 1455]
[140, 1428] [167, 1455]
[168, 1428] [195, 1455]
[196, 1428] [223, 1455]
[224, 1428] [251, 1455]
[252, 1428] [279, 1455]
[280, 1428] [307, 1455]
[308, 1428] [335, 1455]
[336, 1428] [363, 1455]
[364, 1428] [391, 1455]
[392, 1428] [419, 1455]
[420, 1428] [447, 1455]
[448, 1428] [475, 1455]
[476, 1428] [503, 1455]
[504, 1428] [531, 1455]
[532, 1428] [559, 1455]
[560, 1428] [587, 1455]
[588, 1428] [615, 1455]
[616, 1428] [643, 1455]
[644, 1428] [671, 1455]
[672, 1428] [699, 1455]
[700, 1428] [727, 1455]
[728, 1428] [755, 1455]
[756, 1428] [783, 1455]
[784, 1428] [811, 1455]
[812, 1428] [839, 1455]
[840, 1428] [867, 1455]
[868, 1428] [895, 1455]
[896, 1428] [923, 1455]
[924, 1428] [951, 1455]
[952, 1428] [979, 1455]
[980, 1428] [1007, 1455]
[1008, 1428] [1035, 1455]
[1036, 1428] [1063, 1455]
[1064, 1428] [1091, 1455]
[1092, 1428] [1119, 1455]
[1120, 1428] [1147, 1455]
[1148, 1428] [1175, 1455]
[1176, 1428] [1203, 1455]
[1204, 1428] [1231, 1455]
[1232, 1428] [1259, 1455]
[1260, 1428] [1287, 1455]
[1288, 1428] [1315, 1455]
[1316, 1428] [1343, 1455]
[1344, 1428] [1371, 1455]
[1372, 1428] [1399, 1455]
[1400, 1428] [1427, 1455]
[1428, 1428] [1455, 1455]
[1456, 1428] [1483, 1455]
[1484, 1428] [1511, 1455]
[1512, 1428] [1539, 1455]
[1540, 1428] [1567, 1455]
[1568, 1428] [1595, 1455]
[1596, 1428] [1623, 1455]
[1624, 1428] [1651, 1455]
[1652, 1428] [1679, 1455]
[1680, 1428] [1707, 1455]
[1708, 1428] [1735, 1455]
[1736, 1428] [1763, 1455]
[1764, 1428] [1791, 1455]
[1792, 1428] [1819, 1455]
[0, 1456] [27, 1483]
[28, 1456] [55, 1483]
[56, 1456] [83, 1483]
[84, 1456] [111, 1483]
[112, 1456] [139, 1483]
[140, 1456] [167, 1483]
[168, 1456] [195, 1483]
[196, 1456] [223, 1483]
[224, 1456] [251, 1483]
[252, 1456] [279, 1483]
[280, 1456] [307, 1483]
[308, 1456] [335, 1483]
[336, 1456] [363, 1483]
[364, 1456] [391, 1483]
[392, 1456] [419, 1483]
[420, 1456] [447, 1483]
[448, 1456] [475, 1483]
[476, 1456] [503, 1483]
[504, 1456] [531, 1483]
[532, 1456] [559, 1483]
[560, 1456] [587, 1483]
[588, 1456] [615, 1483]
[616, 1456] [643, 1483]
[644, 1456] [671, 1483]
[672, 1456] [699, 1483]
[700, 1456] [727, 1483]
[728, 1456] [755, 1483]
[756, 1456] [783, 1483]
[784, 1456] [811, 1483]
[812, 1456] [839, 1483]
[840, 1456] [867, 1483]
[868, 1456] [895, 1483]
[896, 1456] [923, 1483]
[924, 1456] [951, 1483]
[952, 1456] [979, 1483]
[980, 1456] [1007, 1483]
[1008, 1456] [1035, 1483]
[1036, 1456] [1063, 1483]
[1064, 1456] [1091, 1483]
[1092, 1456] [1119, 1483]
[1120, 1456] [1147, 1483]
[1148, 1456] [1175, 1483]
[1176, 1456] [1203, 1483]
[1204, 1456] [1231, 1483]
[1232, 1456] [1259, 1483]
[1260, 1456] [1287, 1483]
[1288, 1456] [1315, 1483]
[1316, 1456] [1343, 1483]
[1344, 1456] [1371, 1483]
[1372, 1456] [1399, 1483]
[1400, 1456] [1427, 1483]
[1428, 1456] [1455, 1483]
[1456, 1456] [1483, 1483]
[1484, 1456] [1511, 1483]
[1512, 1456] [1539, 1483]
[1540, 1456] [1567, 1483]
[1568, 1456] [1595, 1483]
[1596, 1456] [1623, 1483]
[1624, 1456] [1651, 1483]
[1652, 1456] [1679, 1483]
[1680, 1456] [1707, 1483]
[1708, 1456] [1735, 1483]
[1736, 1456] [1763, 1483]
[1764, 1456] [1791, 1483]
[1792, 1456] [1819, 1483]
[0, 1484] [27, 1511]
[28, 1484] [55, 1511]
[56, 1484] [83, 1511]
[84, 1484] [111, 1511]
[112, 1484] [139, 1511]
[140, 1484] [167, 1511]
[168, 1484] [195, 1511]
[196, 1484] [223, 1511]
[224, 1484] [251, 1511]
[252, 1484] [279, 1511]
[280, 1484] [307, 1511]
[308, 1484] [335, 1511]
[336, 1484] [363, 1511]
[364, 1484] [391, 1511]
[392, 1484] [419, 1511]
[420, 1484] [447, 1511]
[448, 1484] [475, 1511]
[476, 1484] [503, 1511]
[504, 1484] [531, 1511]
[532, 1484] [559, 1511]
[560, 1484] [587, 1511]
[588, 1484] [615, 1511]
[616, 1484] [643, 1511]
[644, 1484] [671, 1511]
[672, 1484] [699, 1511]
[700, 1484] [727, 1511]
[728, 1484] [755, 1511]
[756, 1484] [783, 1511]
[784, 1484] [811, 1511]
[812, 1484] [839, 1511]
[840, 1484] [867, 1511]
[868, 1484] [895, 1511]
[896, 1484] [923, 1511]
[924, 1484] [951, 1511]
[952, 1484] [979, 1511]
[980, 1484] [1007, 1511]
[1008, 1484] [1035, 1511]
[1036, 1484] [1063, 1511]
[1064, 1484] [1091, 1511]
[1092, 1484] [1119, 1511]
[1120, 1484] [1147, 1511]
[1148, 1484] [1175, 1511]
[1176, 1484] [1203, 1511]
[1204, 1484] [1231, 1511]
[1232, 1484] [1259, 1511]
[1260, 1484] [1287, 1511]
[1288, 1484] [1315, 1511]
[1316, 1484] [1343, 1511]
[1344, 1484] [1371, 1511]
[1372, 1484] [1399, 1511]
[1400, 1484] [1427, 1511]
[1428, 1484] [1455, 1511]
[1456, 1484] [1483, 1511]
[1484, 1484] [1511, 1511]
[1512, 1484] [1539, 1511]
[1540, 1484] [1567, 1511]
[1568, 1484] [1595, 1511]
[1596, 1484] [1623, 1511]
[1624, 1484] [1651, 1511]
[1652, 1484] [1679, 1511]
[1680, 1484] [1707, 1511]
[1708, 1484] [1735, 1511]
[1736, 1484] [1763, 1511]
[1764, 1484] [1791, 1511]
[1792, 1484] [1819, 1511]
[0, 1512] [27, 1539]
[28, 1512] [55, 1539]
[56, 1512] [83, 1539]
[84, 1512] [111, 1539]
[112, 1512] [139, 1539]
[140, 1512] [167, 1539]
[168, 1512] [195, 1539]
[196, 1512] [223, 1539]
[224, 1512] [251, 1539]
[252, 1512] [279, 1539]
[280, 1512] [307, 1539]
[308, 1512] [335, 1539]
[336, 1512] [363, 1539]
[364, 1512] [391, 1539]
[392, 1512] [419, 1539]
[420, 1512] [447, 1539]
[448, 1512] [475, 1539]
[476, 1512] [503, 1539]
[504, 1512] [531, 1539]
[532, 1512] [559, 1539]
[560, 1512] [587, 1539]
[588, 1512] [615, 1539]
[616, 1512] [643, 1539]
[644, 1512] [671, 1539]
[672, 1512] [699, 1539]
[700, 1512] [727, 1539]
[728, 1512] [755, 1539]
[756, 1512] [783, 1539]
[784, 1512] [811, 1539]
[812, 1512] [839, 1539]
[840, 1512] [867, 1539]
[868, 1512] [895, 1539]
[896, 1512] [923, 1539]
[924, 1512] [951, 1539]
[952, 1512] [979, 1539]
[980, 1512] [1007, 1539]
[1008, 1512] [1035, 1539]
[1036, 1512] [1063, 1539]
[1064, 1512] [1091, 1539]
[1092, 1512] [1119, 1539]
[1120, 1512] [1147, 1539]
[1148, 1512] [1175, 1539]
[1176, 1512] [1203, 1539]
[1204, 1512] [1231, 1539]
[1232, 1512] [1259, 1539]
[1260, 1512] [1287, 1539]
[1288, 1512] [1315, 1539]
[1316, 1512] [1343, 1539]
[1344, 1512] [1371, 1539]
[1372, 1512] [1399, 1539]
[1400, 1512] [1427, 1539]
[1428, 1512] [1455, 1539]
[1456, 1512] [1483, 1539]
[1484, 1512] [1511, 1539]
[1512, 1512] [1539, 1539]
[1540, 1512] [1567, 1539]
[1568, 1512] [1595, 1539]
[1596, 1512] [1623, 1539]
[1624, 1512] [1651, 1539]
[1652, 1512] [1679, 1539]
[1680, 1512] [1707, 1539]
[1708, 1512] [1735, 1539]
[1736, 1512] [1763, 1539]
[1764, 1512] [1791, 1539]
[1792, 1512] [1819, 1539]
[0, 1540] [27, 1567]
[28, 1540] [55, 1567]
[56, 1540] [83, 1567]
[84, 1540] [111, 1567]
[112, 1540] [139, 1567]
[140, 1540] [167, 1567]
[168, 1540] [195, 1567]
[196, 1540] [223, 1567]
[224, 1540] [251, 1567]
[252, 1540] [279, 1567]
[280, 1540] [307, 1567]
[308, 1540] [335, 1567]
[336, 1540] [363, 1567]
[364, 1540] [391, 1567]
[392, 1540] [419, 1567]
[420, 1540] [447, 1567]
[448, 1540] [475, 1567]
[476, 1540] [503, 1567]
[504, 1540] [531, 1567]
[532, 1540] [559, 1567]
[560, 1540] [587, 1567]
[588, 1540] [615, 1567]
[616, 1540] [643, 1567]
[644, 1540] [671, 1567]
[672, 1540] [699, 1567]
[700, 1540] [727, 1567]
[728, 1540] [755, 1567]
[756, 1540] [783, 1567]
[784, 1540] [811, 1567]
[812, 1540] [839, 1567]
[840, 1540] [867, 1567]
[868, 1540] [895, 1567]
[896, 1540] [923, 1567]
[924, 1540] [951, 1567]
[952, 1540] [979, 1567]
[980, 1540] [1007, 1567]
[1008, 1540] [1035, 1567]
[1036, 1540] [1063, 1567]
[1064, 1540] [1091, 1567]
[1092, 1540] [1119, 1567]
[1120, 1540] [1147, 1567]
[1148, 1540] [1175, 1567]
[1176, 1540] [1203, 1567]
[1204, 1540] [1231, 1567]
[1232, 1540] [1259, 1567]
[1260, 1540] [1287, 1567]
[1288, 1540] [1315, 1567]
[1316, 1540] [1343, 1567]
[1344, 1540] [1371, 1567]
[1372, 1540] [1399, 1567]
[1400, 1540] [1427, 1567]
[1428, 1540] [1455, 1567]
[1456, 1540] [1483, 1567]
[1484, 1540] [1511, 1567]
[1512, 1540] [1539, 1567]
[1540, 1540] [1567, 1567]
[1568, 1540] [1595, 1567]
[1596, 1540] [1623, 1567]
[1624, 1540] [1651, 1567]
[1652, 1540] [1679, 1567]
[1680, 1540] [1707, 1567]
[1708, 1540] [1735, 1567]
[1736, 1540] [1763, 1567]
[1764, 1540] [1791, 1567]
[1792, 1540] [1819, 1567]
[0, 1568] [27, 1595]
[28, 1568] [55, 1595]
[56, 1568] [83, 1595]
[84, 1568] [111, 1595]
[112, 1568] [139, 1595]
[140, 1568] [167, 1595]
[168, 1568] [195, 1595]
[196, 1568] [223, 1595]
[224, 1568] [251, 1595]
[252, 1568] [279, 1595]
[280, 1568] [307, 1595]
[308, 1568] [335, 1595]
[336, 1568] [363, 1595]
[364, 1568] [391, 1595]
[392, 1568] [419, 1595]
[420, 1568] [447, 1595]
[448, 1568] [475, 1595]
[476, 1568] [503, 1595]
[504, 1568] [531, 1595]
[532, 1568] [559, 1595]
[560, 1568] [587, 1595]
[588, 1568] [615, 1595]
[616, 1568] [643, 1595]
[644, 1568] [671, 1595]
[672, 1568] [699, 1595]
[700, 1568] [727, 1595]
[728, 1568] [755, 1595]
[756, 1568] [783, 1595]
[784, 1568] [811, 1595]
[812, 1568] [839, 1595]
[840, 1568] [867, 1595]
[868, 1568] [895, 1595]
[896, 1568] [923, 1595]
[924, 1568] [951, 1595]
[952, 1568] [979, 1595]
[980, 1568] [1007, 1595]
[1008, 1568] [1035, 1595]
[1036, 1568] [1063, 1595]
[1064, 1568] [1091, 1595]
[1092, 1568] [1119, 1595]
[1120, 1568] [1147, 1595]
[1148, 1568] [1175, 1595]
[1176, 1568] [1203, 1595]
[1204, 1568] [1231, 1595]
[1232, 1568] [1259, 1595]
[1260, 1568] [1287, 1595]
[1288, 1568] [1315, 1595]
[1316, 1568] [1343, 1595]
[1344, 1568] [1371, 1595]
[1372, 1568] [1399, 1595]
[1400, 1568] [1427, 1595]
[1428, 1568] [1455, 1595]
[1456, 1568] [1483, 1595]
[1484, 1568] [1511, 1595]
[1512, 1568] [1539, 1595]
[1540, 1568] [1567, 1595]
[1568, 1568] [1595, 1595]
[1596, 1568] [1623, 1595]
[1624, 1568] [1651, 1595]
[1652, 1568] [1679, 1595]
[1680, 1568] [1707, 1595]
[1708, 1568] [1735, 1595]
[1736, 1568] [1763, 1595]
[1764, 1568] [1791, 1595]
[1792, 1568] [1819, 1595]
[0, 1596] [27, 1623]
[28, 1596] [55, 1623]
[56, 1596] [83, 1623]
[84, 1596] [111, 1623]
[112, 1596] [139, 1623]
[140, 1596] [167, 1623]
[168, 1596] [195, 1623]
[196, 1596] [223, 1623]
[224, 1596] [251, 1623]
[252, 1596] [279, 1623]
[280, 1596] [307, 1623]
[308, 1596] [335, 1623]
[336, 1596] [363, 1623]
[364, 1596] [391, 1623]
[392, 1596] [419, 1623]
[420, 1596] [447, 1623]
[448, 1596] [475, 1623]
[476, 1596] [503, 1623]
[504, 1596] [531, 1623]
[532, 1596] [559, 1623]
[560, 1596] [587, 1623]
[588, 1596] [615, 1623]
[616, 1596] [643, 1623]
[644, 1596] [671, 1623]
[672, 1596] [699, 1623]
[700, 1596] [727, 1623]
[728, 1596] [755, 1623]
[756, 1596] [783, 1623]
[784, 1596] [811, 1623]
[812, 1596] [839, 1623]
[840, 1596] [867, 1623]
[868, 1596] [895, 1623]
[896, 1596] [923, 1623]
[924, 1596] [951, 1623]
[952, 1596] [979, 1623]
[980, 1596] [1007, 1623]
[1008, 1596] [1035, 1623]
[1036, 1596] [1063, 1623]
[1064, 1596] [1091, 1623]
[1092, 1596] [1119, 1623]
[1120, 1596] [1147, 1623]
[1148, 1596] [1175, 1623]
[1176, 1596] [1203, 1623]
[1204, 1596] [1231, 1623]
[1232, 1596] [1259, 1623]
[1260, 1596] [1287, 1623]
[1288, 1596] [1315, 1623]
[1316, 1596] [1343, 1623]
[1344, 1596] [1371, 1623]
[1372, 1596] [1399, 1623]
[1400, 1596] [1427, 1623]
[1428, 1596] [1455, 1623]
[1456, 1596] [1483, 1623]
[1484, 1596] [1511, 1623]
[1512, 1596] [1539, 1623]
[1540, 1596] [1567, 1623]
[1568, 1596] [1595, 1623]
[1596, 1596] [1623, 1623]
[1624, 1596] [1651, 1623]
[1652, 1596] [1679, 1623]
[1680, 1596] [1707, 1623]
[1708, 1596] [1735, 1623]
[1736, 1596] [1763, 1623]
[1764, 1596] [1791, 1623]
[1792, 1596] [1819, 1623]
