0.0
0.0
0.0
0.0
0.0
0.0
0.0
0.0
0.0
0.0
0.0
0.0
0.0
0.0
0.0
0.0
0.0
0.0
0.0
0.0
0.0
0.0
0.0
0.0
0.0
0.0
0.0
0.0
0.0
0.0
0.0
0.0
0.832599531615925
3.2547072599531615
0.0
0.0
0.0
0.0
0.0
0.0
0.0
0.0
0.0
0.0
0.0
0.0
0.0
0.0
0.0
0.0
0.0
0.0
0.0
0.0
0.0
0.0
0.0
0.0
0.0
0.0
0.0
0.0
0.0
0.0
0.0
0.0
0.0
0.0
0.0
0.0
0.0
0.0
0.0
0.0
0.0
0.0
0.0
0.0
0.0
0.0
0.0
0.0
0.0
0.0
0.0
0.0
0.0
0.0
0.0
0.0
0.0
0.0
0.0
0.0
0.0
3.9359250585480092
15.592318501170961
26.03765807962529
11.240093676814988
0.0
0.0
0.0
0.0
0.0
0.0
0.0
0.0
0.0
0.0
0.0
0.0
0.0
0.0
0.0
0.0
0.0
0.0
0.0
0.0
0.0
0.0
0.0
0.0
0.0
0.0
0.0
0.0
0.0
0.0
0.0
0.0
0.0
0.0
0.0
0.0
0.0
0.0
0.0
0.0
0.0
0.0
0.0
0.0
0.0
0.0
0.0
0.0
0.0
0.0
0.0
0.0
0.0
0.0
0.0
0.0
0.0
0.0
0.0
0.0
17.446744730679157
27.55147540983607
27.589320843091336
27.589320843091336
11.240093676814988
0.0
0.0
0.0
0.0
0.0
0.0
0.0
0.0
0.0
0.0
0.0
0.0
0.0
0.0
0.0
0.0
0.0
0.0
0.0
0.0
0.0
0.0
0.0
0.0
0.0
0.0
0.0
0.0
0.0
0.0
0.0
0.0
0.0
0.0
0.0
0.0
0.0
0.0
0.0
0.0
0.0
0.0
0.0
0.0
0.0
0.0
0.0
0.0
0.0
0.0
0.0
0.0
0.0
0.0
0.0
0.0
0.0
0.0
0.0
0.11353629976580797
26.56749414519906
27.589320843091336
27.589320843091336
27.589320843091336
10.256112412177986
7.6164185736503
6.653077093979116
4.485558764718951
2.3481448566985117
0.30104421239724505
0.0
0.0
0.0
0.0
0.0
0.0
0.0
0.0
0.0
0.0
0.0
0.0
0.0
0.0
0.0
0.0
0.0
0.0
0.0
0.0
0.0
0.0
0.0
0.0
0.0
0.0
0.0
0.0
0.0
0.0
0.0
0.0
0.0
0.0
0.0
0.0
0.0
0.0
0.0
0.0
0.0
0.0
0.0
0.0
0.0
0.0
0.0
0.0
0.0
0.0
0.0
0.0
0.0
0.0
4.200843091334895
27.589320843091336
27.589320843091336
27.589320843091336
27.589320843091336
9.26955663768707
21.85580982003999
21.94612308375916
21.94612308375916
21.94612308375916
21.94612308375916
14.480226616307489
0.0
0.0
0.0
0.0
0.0
0.0
0.0
0.0
0.0
0.0
0.0
0.0
0.0
0.0
0.0
0.0
0.0
0.0
0.0
0.0
0.0
0.0
0.0
0.0
0.0
0.0
0.0
0.0
0.0
0.0
0.0
0.0
0.0
0.0
0.0
0.0
0.0
0.0
0.0
0.0
0.0
0.0
0.0
0.0
0.0
0.0
0.0
0.0
0.0
0.0
0.0
0.0
0.0
10.06688524590164
27.589320843091336
27.589320843091336
27.589320843091336
13.170210772833725
8.54965563208176
21.94612308375916
21.94612308375916
21.94612308375916
21.94612308375916
21.94612308375916
11.439680071095312
0.0
0.0
0.0
0.0
0.0
0.0
0.0
0.0
0.0
0.0
0.0
0.0
0.0
0.0
0.0
0.0
0.0
0.0
0.0
0.0
0.0
0.0
0.0
0.0
0.0
0.0
0.0
0.0
0.0
0.0
0.0
0.0
0.0
0.0
0.0
0.0
0.0
0.0
0.0
0.0
0.0
0.0
0.0
0.0
0.0
0.0
0.0
0.0
0.0
0.0
0.0
0.0
0.0
15.932927400468383
27.589320843091336
27.589320843091336
17.181826697892273
0.0
15.56398578093757
21.94612308375916
21.94612308375916
21.94612308375916
21.94612308375916
21.94612308375916
7.646522994890025
0.0
0.0
0.0
0.0
0.0
0.0
0.0
0.0
0.0
0.0
0.0
0.0
0.0
0.0
0.0
0.0
0.0
0.0
0.0
0.0
0.0
0.0
0.0
0.0
0.0
0.0
0.0
0.0
0.0
0.0
0.0
0.0
0.0
0.0
0.0
0.0
0.0
0.0
0.0
0.0
0.0
0.0
0.0
0.0
0.0
0.0
0.0
0.0
0.0
0.0
0.0
0.0
0.0
21.874660421545666
27.589320843091336
27.589320843091336
6.963559718969555
0.7526105309931126
21.40424350144412
21.94612308375916
21.94612308375916
21.94612308375916
21.94612308375916
21.94612308375916
3.8834703399244614
0.0
0.0
0.0
0.0
0.0
0.0
0.0
0.0
0.0
0.0
0.0
0.0
0.0
0.0
0.0
0.0
0.0
0.0
0.0
0.0
0.0
0.0
0.0
0.0
0.0
0.0
0.0
0.0
0.0
0.0
0.0
0.0
0.0
0.0
0.0
0.0
0.0
0.0
0.0
0.0
0.0
0.0
0.0
0.0
0.0
0.0
0.0
0.0
0.0
0.0
0.0
0.0
0.49199063231850115
27.05948477751756
27.589320843091336
27.021639344262294
0.6812177985948478
6.713285936458564
21.94612308375916
21.94612308375916
21.94612308375916
21.94612308375916
21.94612308375916
21.91601866251944
0.6321928460342147
0.0
0.0
0.0
0.0
0.0
0.0
0.0
0.0
0.0
0.0
0.0
0.0
0.0
0.0
0.0
0.0
0.0
0.0
0.0
0.0
0.0
0.0
0.0
0.0
0.0
0.0
0.0
0.0
0.0
0.0
0.0
0.0
0.0
0.0
0.0
0.0
0.0
0.0
0.0
0.0
0.0
0.0
0.0
0.0
0.0
0.0
0.0
0.0
0.0
0.0
0.0
0.0
0.11353629976580797
5.222669789227166
12.375456674473067
15.06248243559719
0.0
13.727616085314374
21.94612308375916
21.94612308375916
21.94612308375916
21.94612308375916
21.94612308375916
19.447456120862032
0.0
0.0
0.0
0.0
0.0
0.0
0.0
0.0
0.0
0.0
0.0
0.0
0.0
0.0
0.0
0.0
0.0
0.0
0.0
0.0
0.0
0.0
0.0
0.0
0.0
0.0
0.0
0.0
0.0
0.0
0.0
0.0
0.0
0.0
0.0
0.0
0.0
0.0
0.0
0.0
0.0
0.0
0.0
0.0
0.0
0.0
0.0
0.0
0.0
0.0
0.0
0.0
0.0
0.0
0.0
0.0
0.0
0.15052210619862252
20.410797600533215
21.94612308375916
21.94612308375916
21.94612308375916
21.94612308375916
21.94612308375916
15.50377693845812
0.0
0.0
0.0
0.0
0.0
0.0
0.0
0.0
0.0
0.0
0.0
0.0
0.0
0.0
0.0
0.0
0.0
0.0
0.0
0.0
0.0
0.0
0.0
0.0
0.0
0.0
0.0
0.0
0.0
0.0
0.0
0.0
0.0
0.0
0.0
0.0
0.0
0.0
0.0
0.0
0.0
0.0
0.0
0.0
0.0
0.0
0.0
0.0
0.0
0.0
0.0
0.0
0.0
0.0
0.0
0.0
0.0
4.997333925794268
21.94612308375916
21.94612308375916
21.94612308375916
21.94612308375916
21.94612308375916
21.94612308375916
11.710619862252832
0.0
0.0
0.0
0.0
0.0
0.0
0.0
0.0
0.0
0.0
0.0
0.0
0.0
0.0
0.0
0.0
0.0
0.0
0.0
0.0
0.0
0.0
0.0
0.0
0.0
0.0
1.250545014129996
5.37165926524021
5.37165926524021
5.37165926524021
5.37165926524021
3.60952765442067
0.0
0.0
0.0
0.0
0.0
0.0
0.0
0.0
0.0
0.0
0.0
0.0
0.0
0.0
0.0
0.0
0.0
0.0
0.0
0.0
0.0
0.0
0.0
0.0
0.0
12.011664074650078
21.94612308375916
21.94612308375916
21.94612308375916
21.94612308375916
21.94612308375916
21.94612308375916
7.947567207287269
0.0
0.0
0.0
0.0
0.0
0.0
0.0
0.0
0.0
0.0
0.0
0.0
0.0
0.0
0.0
0.0
0.0
0.0
0.0
0.0
0.0
0.0
0.0
0.0
0.0
0.0
5.37165926524021
20.719257165926525
20.719257165926525
20.719257165926525
20.719257165926525
14.52337505046427
0.0
0.0
0.0
0.0
0.0
0.0
0.0
0.0
0.0
0.0
0.0
1.6048317515099224
11.130284728213978
21.691113028472824
32.200172562553924
24.74547023295945
3.3132010353753234
0.0
0.0
0.0
0.0
0.0
0.0
0.0
1.258767225018566
24.809270125979285
26.663112774913238
26.070388461868518
25.477664148823802
24.801022020777843
24.16633880023251
23.57361448718779
7.078439262941915
0.4254484304932735
0.0
0.0
0.0
0.0
0.0
0.0
0.0
0.0
0.0
0.0
0.0
0.0
0.0
0.0
0.0
0.0
0.0
0.11976834928327924
2.275598636382306
5.34965293465314
8.264016100546268
11.258224832628251
14.132665215426952
3.952355526348215
0.0
5.172708922083165
20.719257165926525
20.719257165926525
20.719257165926525
20.719257165926525
15.177069035123132
0.0
0.0
0.0
0.0
0.0
0.0
0.0
0.0
0.0
0.0
3.209663503019845
37.16997411561691
37.73943054357204
37.73943054357204
37.73943054357204
37.73943054357204
35.82398619499569
15.841242450388267
0.25884383088869717
0.0
0.0
0.0
0.0
0.0
18.294083670269824
30.58804356795115
30.58804356795115
30.58804356795115
30.58804356795115
30.58804356795115
30.58804356795115
30.58804356795115
21.012236529971652
20.64843049327354
18.46446188340807
15.231053811659194
11.96928251121076
8.735874439461883
5.502466367713005
2.240695067264574
0.05672645739910314
0.0
0.0
0.0
0.0
0.0
0.0
0.0
0.0
0.0
24.831971084733233
28.944017743459153
29.10370887583686
29.10370887583686
29.10370887583686
29.10370887583686
29.10370887583686
24.352897687600116
1.157760709738366
4.320064594267259
20.719257165926525
20.719257165926525
20.719257165926525
20.719257165926525
15.802341542188131
0.0
0.0
0.0
0.0
0.0
0.0
0.0
0.0
0.0
0.0
0.0
28.472821397756686
37.73943054357204
37.73943054357204
37.73943054357204
37.73943054357204
37.73943054357204
37.73943054357204
30.491803278688522
7.454702329594477
0.0
0.0
0.0
8.140028055120059
30.546084660450532
30.58804356795115
30.58804356795115
30.58804356795115
30.58804356795115
30.58804356795115
30.58804356795115
30.58804356795115
21.012236529971652
20.676793721973095
20.676793721973095
20.676793721973095
20.676793721973095
20.676793721973095
20.676793721973095
20.676793721973095
20.166255605381163
17.188116591928253
7.884977578475336
0.0
0.0
0.0
0.0
0.0
0.0
0.0
26.94787858873783
29.10370887583686
29.10370887583686
29.10370887583686
29.10370887583686
29.10370887583686
29.10370887583686
26.30911405922701
1.716679673060336
0.7389584174404522
3.8368994751715784
3.5242632216390795
3.0695195801372632
3.0695195801372632
2.415825595478401
0.0
0.0
0.0
0.0
0.0
0.0
0.0
0.0
0.0
0.0
0.0
13.61518550474547
37.73943054357204
37.73943054357204
37.73943054357204
37.73943054357204
37.73943054357204
37.73943054357204
37.73943054357204
37.53235547886109
5.021570319240725
0.0
1.782177270839385
27.441125505404738
30.58804356795115
30.58804356795115
30.58804356795115
30.58804356795115
30.58804356795115
30.58804356795115
30.58804356795115
30.58804356795115
21.579501103962684
20.676793721973095
20.676793721973095
20.676793721973095
20.676793721973095
20.676793721973095
20.676793721973095
20.676793721973095
20.676793721973095
20.676793721973095
6.608632286995516
0.0
0.0
0.0
0.0
0.0
0.0
0.0
26.94787858873783
29.10370887583686
29.10370887583686
29.10370887583686
29.10370887583686
29.10370887583686
29.10370887583686
8.064402185074137
0.0
0.0
0.0
0.0
0.0
0.0
0.0
0.0
0.0
0.0
0.0
0.0
9.129204652624962
5.4680132033951585
0.0
0.0
0.0
0.0
1.190681622088007
36.2381363244176
37.73943054357204
37.73943054357204
37.73943054357204
37.73943054357204
37.73943054357204
37.73943054357204
28.317515099223467
16.827348745696014
34.08755533694048
39.28184948352189
37.77003176850066
35.23215266852605
32.809122415209686
30.099014194660125
25.594933575377507
21.482960640316858
17.37098770525621
13.175096955194322
9.063124020133674
6.144273787925938
9.785313901345292
13.954708520179372
18.152466367713004
20.676793721973095
20.676793721973095
20.676793721973095
20.676793721973095
20.676793721973095
20.64843049327354
1.4181614349775784
0.0
0.0
0.0
0.0
0.0
0.0
0.0
26.94787858873783
29.10370887583686
29.10370887583686
29.10370887583686
29.10370887583686
29.10370887583686
17.446256212264345
0.0
0.0
0.0
0.0
0.0
0.0
0.0
0.0
0.0
0.0
0.0
0.0
7.322382898459604
33.56884627475637
34.234517447343606
19.827491354919836
1.99701351776171
0.0
0.0
0.0
6.1087144089732535
14.081104400345126
21.069887834339948
27.696289905090595
34.21915444348576
37.73943054357204
37.73943054357204
10.266262407973358
39.173635022134775
39.444171175602555
39.444171175602555
39.444171175602555
39.444171175602555
39.444171175602555
22.562715199212988
0.0
0.0
0.0
0.0
0.0
0.0
0.0
0.0
0.0
1.0778026905829596
5.077017937219731
9.359865470852018
13.472533632286996
17.75538116591928
17.35829596412556
0.0
0.0
0.0
0.0
0.0
0.0
0.0
0.0
13.533823469010557
13.374132336632849
12.575676674744322
11.69737544666694
10.779151435495134
9.741159075040045
0.9980695773606605
0.0
0.0
0.0
0.0
0.0
0.0
0.0
0.0
0.0
0.0
0.0
4.1842187991197735
32.189955988682804
34.6624489154354
34.6624489154354
34.6624489154354
32.23750392958189
13.883998742533795
0.23773970449544168
0.0
0.0
0.0
0.0
0.0
0.0
1.8636755823986193
7.454702329594477
0.0
21.534677816035416
35.87309394982784
39.444171175602555
39.444171175602555
39.444171175602555
39.444171175602555
16.665027053615344
0.0
0.0
0.0
0.0
0.0
0.0
0.0
0.0
0.0
0.0
0.0
0.0
0.0
0.0
0.19854260089686102
0.0
0.0
0.0
0.0
0.0
0.0
0.0
0.0
0.0
0.0
0.0
0.0
0.0
0.0
0.0
0.0
0.0
0.0
0.0
0.0
0.0
0.0
0.0
0.0
0.0
0.0
0.5230273498899717
19.352011945928954
34.6624489154354
34.6624489154354
34.6624489154354
34.6624489154354
34.6624489154354
4.421958503615215
0.0
0.0
0.0
0.0
0.0
0.0
0.0
0.0
0.0
0.0
0.0
12.552877520905065
36.14363010329562
39.444171175602555
39.444171175602555
10.659124446630596
0.0
0.0
0.0
0.0
0.0
0.0
0.0
0.0
0.0
0.0
0.0
0.0
0.0
0.0
0.0
0.0
0.0
0.0
0.0
0.0
0.0
0.0
0.0
0.0
0.0
0.0
0.0
0.0
0.0
0.0
0.0
0.0
0.0
0.0
0.0
0.0
0.0
0.0
0.0
0.0
0.0
0.0
0.0
10.983574347689407
27.815545425966675
25.34305249921408
22.442628104369696
19.637299591323483
17.01347276379827
0.7363329583802025
0.0
0.0
0.0
0.0
0.0
0.0
0.0
0.0
0.0
0.0
0.0
2.5971470732907034
25.322183964584358
39.444171175602555
4.8155435317265125
0.0
0.0
0.0
0.0
0.0
0.0
0.0
0.0
0.0
0.0
0.0
0.0
0.0
0.0
0.0
0.0
0.0
0.0
0.0
0.0
0.0
0.0
0.0
0.0
0.0
0.0
0.0
0.0
0.0
0.0
0.0
0.0
0.0
0.0
0.0
0.0
0.0
0.0
0.0
0.0
0.0
0.0
0.0
0.0
0.0
0.0
0.0
0.0
26.26254218222722
68.96985376827897
9.8177727784027
0.0
0.0
0.0
0.0
1.8408323959505062
29.576040494938134
43.07547806524184
25.403487064116984
0.12272215973003374
0.0
0.0
0.0
11.362518445646828
0.21642892277422526
0.0
0.0
0.0
0.0
0.0
0.0
0.0
0.0
0.0
0.0
0.0
0.0
0.0
0.0
0.0
0.0
0.0
0.0
0.0
0.0
0.0
0.0
0.0
0.0
0.0
0.0
0.0
0.0
0.0
0.0
0.0
0.0
0.0
0.0
0.0
0.0
0.0
0.0
0.0
0.0
0.0
0.0
0.0
0.0
0.0
0.0
0.0
0.0
0.0
14.972103487064118
28.962429696287963
39.39381327334083
43.320922384701916
57.31124859392576
71.6697412823397
85.90551181102362
63.93824521934758
97.18716573825068
131.33709220582395
92.6328663699949
32.644094488188976
0.0
0.0
0.0
0.0
0.0
0.0
0.0
0.0
0.0
0.0
0.0
0.0
0.0
0.0
0.0
0.0
0.0
0.0
0.0
0.0
0.0
0.0
0.0
0.0
0.0
0.0
0.0
0.0
0.0
0.0
0.0
0.0
0.0
0.0
0.0
0.0
0.0
0.0
0.0
0.0
0.0
0.0
0.0
0.0
0.0
0.0
0.0
0.0
0.0
0.0
0.0
0.0
0.0
0.0
0.0
14.358492688413948
60.502024746906635
55.22497187851519
41.72553430821147
19.39010123734533
0.0
85.05316925934525
180.76898072904575
162.9966317943714
125.19750117722398
77.70552204661467
19.448732083792724
0.0
0.0
0.0
0.0
0.0
0.0
0.0
0.0
0.0
0.0
0.0
0.0
0.0
0.0
0.0
0.0
0.0
0.0
0.0
0.0
0.0
0.0
0.0
0.0
0.0
0.0
0.0
0.0
0.0
0.0
0.0
0.0
0.0
0.0
0.0
0.0
0.0
0.0
0.0
0.0
0.0
0.0
0.0
0.0
0.0
0.0
0.0
0.0
0.0
0.0
0.0
0.0
0.0
0.0
0.0
0.0
0.0
0.0
40.82785873055075
218.39673656404196
224.00181684281642
211.58279499626212
202.35053012943428
174.38254895942578
168.55567805953692
132.89966923925027
61.587651598676956
1.759658737143795
0.0
0.0
0.0
0.0
0.0
0.0
0.0
0.0
0.0
0.0
0.0
0.0
0.0
0.0
0.0
0.0
0.0
0.0
0.0
0.0
0.0
0.0
0.0
0.0
0.0
0.0
0.0
0.0
0.0
0.0
0.0
0.0
0.0
0.0
0.0
0.0
0.0
0.0
0.0
0.0
0.0
0.0
0.0
0.0
0.0
0.0
0.0
0.0
0.0
0.0
0.0
0.0
0.0
0.0
0.0
2.6554704865398864
230.69399851815263
230.31223542202255
183.91163590205122
161.50267372027332
135.17307296861563
147.96174115879427
168.787210584344
168.787210584344
95.61626705861605
50.310616836932624
15.281262123367387
0.0
0.0
0.0
0.0
0.0
0.0
0.0
0.0
0.0
0.0
0.0
0.0
0.0
0.0
0.0
0.0
0.0
0.0
0.0
0.0
0.0
0.0
0.0
0.0
0.0
0.0
0.0
0.0
0.0
0.0
0.0
0.0
0.0
0.0
0.0
0.0
0.0
0.0
0.0
0.0
0.0
0.0
0.0
0.0
0.0
0.0
0.0
0.0
7.189877149877149
37.563439803439806
7.043144963144964
0.0
0.0
0.0
99.43744832799578
142.5403020200039
142.5403020200039
128.50603506931856
131.37111334002006
136.44093249981478
167.27027130638515
138.60268175837143
85.79234515345466
85.69261606103711
85.69261606103711
23.627182206129575
0.0
0.0
0.0
0.0
0.0
0.0
0.0
0.0
0.0
0.0
0.0
0.0
0.0
0.0
0.0
0.0
0.0
0.0
0.0
0.0
0.0
0.0
0.0
0.0
0.0
0.0
0.0
0.0
0.0
0.0
0.0
0.0
0.0
0.0
0.0
0.0
0.0
0.0
0.0
0.0
0.0
0.0
0.0
0.0
0.0
0.0
4.842162162162162
103.44619164619165
106.96776412776411
57.51901719901719
0.0
0.0
0.0
56.70327515199058
142.5403020200039
148.7950208512953
181.9052441243008
135.19093759265218
131.37111334002006
128.2680408014189
85.66878149670741
85.69261606103711
85.69261606103711
85.57506789085737
5.40721582826846
0.0
0.0
0.0
0.0
0.0
0.0
0.0
0.0
0.0
0.0
0.0
0.0
0.0
0.0
0.0
0.0
0.0
0.0
0.0
0.0
0.0
0.0
0.0
0.0
0.0
0.0
0.0
0.0
0.0
0.0
0.0
0.0
0.0
0.0
0.0
0.0
0.0
0.0
0.0
0.0
0.0
0.0
0.0
0.0
44.15961719217295
62.753140220456295
71.96927575008067
106.96776412776411
106.96776412776411
103.59292383292383
9.390859950859952
0.0
0.0
24.83212394587174
156.90336677638453
226.34879496927766
233.2245573730971
168.9111800811239
183.88505138055677
146.9905009854707
114.50232123298478
100.09459779513735
103.0154261263838
98.03853408006135
17.80795239383284
0.0
0.0
0.0
0.0
0.0
0.0
0.0
0.0
0.0
0.0
0.0
0.0
0.0
0.0
0.0
0.0
0.0
0.0
0.0
0.0
0.0
0.0
0.0
0.0
0.0
0.0
0.0
0.0
0.0
0.0
0.0
0.0
0.0
0.0
0.0
0.0
0.0
0.0
0.0
0.0
0.0
0.0
0.0
0.0
47.99453131675639
84.60052977868922
84.60052977868922
101.88477134215151
106.96776412776411
106.96776412776411
58.25267813267813
0.0
0.0
15.641006681967495
250.9758931001569
259.9853438556933
241.51446556495213
240.62661434351043
242.52735423829716
173.03517884191146
119.1008926156343
108.48147146334867
119.1008926156343
119.1008926156343
121.60097389559236
109.44999865254265
13.990159901599016
0.0
0.0
0.0
0.0
0.0
0.0
0.0
0.0
0.0
0.0
0.0
0.0
0.0
0.0
0.0
0.0
0.0
0.0
0.0
0.0
0.0
0.0
0.0
0.0
0.0
0.0
0.0
0.0
0.0
0.0
0.0
0.0
0.0
0.0
0.0
0.0
0.0
0.0
0.0
0.0
0.0
0.0
0.0
13.015466119798342
60.428949841920875
94.1625363873813
106.96776412776411
106.96776412776411
58.399410319410315
0.0
0.0
46.83104125736739
274.41843805119277
268.216725029883
254.7344450271096
486.0790059558952
259.78301985160687
118.26715383820893
16.75332447028542
0.16337571003516366
34.30889910738436
93.10856569811946
159.1078033084902
269.81583613331657
178.6371903790594
85.72152521525216
6.359163591635916
0.0
0.0
0.0
0.0
0.0
0.0
0.0
0.0
0.0
0.0
0.0
0.0
0.0
0.0
0.0
0.0
0.0
0.0
0.0
0.0
0.0
0.0
0.0
0.0
0.0
0.0
0.0
0.0
0.0
0.0
0.0
0.0
0.0
0.0
0.0
0.0
0.0
0.0
0.0
405.29477611940297
563.6248639030887
413.730377166157
16.853388176951412
85.95781990001933
96.81800848645248
90.44465206741546
31.86269898245289
0.0
0.0
73.02878081746607
330.39170125707193
282.7476125234501
289.1266576620825
744.5293038329595
325.7547046114263
2.052556818181818
0.0
0.0
0.0
145.20069732132154
207.89580758458186
412.8904225582589
329.9271366237812
187.67544028448881
226.6791895311503
66.91117478510029
0.0
0.0
0.0
0.0
0.0
0.0
0.0
0.0
0.0
0.0
0.0
0.0
0.0
0.0
0.0
0.0
0.0
0.0
0.0
0.0
0.0
0.0
0.0
0.0
0.0
0.0
0.0
0.0
0.0
0.0
0.0
0.0
0.0
0.0
0.0
0.0
0.0
0.0
340.57089552238807
671.2411392734674
450.3272171253822
78.1559633027523
77.39553960522943
84.716739297616
84.716739297616
8.948132957361361
0.0
0.0
66.55661922663803
423.05618958109557
407.0199885719861
215.10278124644074
197.3924050329936
188.87020009721323
0.0
0.0
0.0
0.0
70.12449799196787
243.25483753194595
261.4136454164671
385.95890537755554
295.5106211368345
290.3467048710602
339.00843684387905
36.871271233690365
0.0
0.0
0.0
0.0
0.0
0.0
0.0
0.0
0.0
0.0
0.0
0.0
0.0
0.0
0.0
0.0
0.0
0.0
0.0
0.0
0.0
0.0
0.0
0.0
0.0
0.0
0.0
0.0
0.0
0.0
0.0
0.0
0.0
0.0
0.0
0.0
0.0
204.62671858549578
634.8177051478078
535.0500559256018
109.39869946499996
72.04990173459797
84.716739297616
74.02546355635307
0.0
0.0
0.0
21.903061224489797
285.3635606874329
372.62778209425323
163.89625274206867
107.34206092028515
106.45858716785483
21.518495366029644
1.0964289675058223
0.0
0.0
0.0
125.72032103374374
400.73111909867384
437.9681971658831
506.00893460573303
449.17455363869294
483.86413520078673
296.0251410870666
38.99769515983566
23.586732137488728
4.5581721615392325
0.0
0.0
0.0
0.0
0.0
0.0
0.0
0.0
0.0
0.0
0.0
0.0
0.0
0.0
0.0
0.0
0.0
0.0
0.0
0.0
0.0
0.0
0.0
0.0
0.0
0.0
0.0
0.0
0.0
0.0
0.0
0.0
0.0
0.0
51.79668049792531
670.801628885841
591.6416853491979
189.94330071753888
67.51773049645391
81.98611807394117
51.73313069934164
0.0
0.0
0.0
66.07423469387754
265.51360244746644
315.5420854978865
161.43565457602017
107.34206092028515
107.34206092028515
62.292310743636754
46.72474215370966
5.988188976377953
0.0
0.0
0.0
262.6591452244908
670.1117586608271
625.4148693598153
767.8371367883515
464.375894292285
396.42264475889374
51.152820923940276
52.7445635835254
26.408457761298727
0.0
0.0
0.0
0.0
0.0
0.0
0.0
0.0
0.0
0.0
0.0
0.0
0.0
0.0
0.0
0.0
0.0
0.0
0.0
0.0
0.0
0.0
0.0
0.0
0.0
0.0
0.0
0.0
0.0
0.0
0.0
0.0
0.0
0.0
0.0
520.673496963653
517.082547030387
192.64484978540773
64.22844343970898
77.66109438272245
73.39985463607103
7.137576575641159
0.0
0.0
53.6625
270.4872304760644
289.460414510676
161.43565457602017
107.34206092028515
101.7565434441504
61.482960543097434
61.48436287013419
58.86980148608184
23.36237107685483
0.0
0.0
0.0
413.6463767179316
548.176359380677
568.1075266458151
554.0818345306664
324.8117585558618
52.7445635835254
52.7445635835254
37.50531290483182
0.0
0.0
0.0
0.0
0.0
0.0
0.0
0.0
0.0
0.0
0.0
0.0
0.0
0.0
0.0
0.0
0.0
0.0
0.0
0.0
0.0
0.0
0.0
0.0
0.0
0.0
0.0
0.0
0.0
0.0
0.0
0.0
0.0
0.0
0.0
153.21083690987123
192.64484978540773
0.5326549683314298
76.27619146506073
77.66109438272245
77.66109438272245
53.58508981414183
0.0
0.0
14.236989795918367
263.8046660740292
253.59062716445868
157.81248626487067
107.34206092028515
84.62216055350478
61.48436287013419
61.48436287013419
61.48436287013419
60.30359321282023
4.385715870023289
0.0
0.0
40.55353241077931
530.7231733479991
732.635351282162
536.9639007717249
233.02131505189374
52.7445635835254
49.827210546878476
37.447069814929066
4.620258813029897
0.0
0.0
0.0
0.0
0.0
0.0
0.0
0.0
0.0
0.0
0.0
0.0
0.0
0.0
0.0
0.0
0.0
0.0
0.0
0.0
0.0
0.0
0.0
0.0
0.0
0.0
0.0
0.0
0.0
0.0
0.0
0.0
0.0
0.0
0.0
0.0
10.866161353961166
77.66109438272245
77.66109438272245
77.66109438272245
77.66109438272245
23.266096993742714
0.0
0.0
233.26511922006853
194.84950169214736
340.28156298725423
606.3088879822747
74.74055462199934
61.48436287013419
61.48436287013419
61.48436287013419
61.48436287013419
15.265664855273371
0.0
0.0
193.9926034502199
830.0136536869363
756.2248190721152
697.9985616673957
110.39132847696536
50.2126300721624
36.60426318144796
36.21686746987952
23.945857504090437
0.0
0.0
0.0
0.0
0.0
0.0
0.0
0.0
0.0
0.0
0.0
0.0
0.0
0.0
0.0
0.0
0.0
0.0
0.0
0.0
0.0
0.0
0.0
0.0
0.0
0.0
0.0
0.0
0.0
0.0
0.0
0.0
0.0
0.0
0.0
0.0
23.09586113621348
70.3292943815023
62.719561716340294
55.19499555547401
47.96894933942259
19.617043958111246
0.0
0.0
98.541928215033
122.38000965717045
217.3548384328593
293.61437959796115
96.78576373640212
61.48436287013419
61.48436287013419
61.48436287013419
61.48436287013419
12.819784850837307
0.0
0.0
57.00723906717451
679.8922840604657
273.1846289679251
517.8934601120221
52.31045194909309
43.40342367342682
36.21686746987952
36.21686746987952
36.16718726758887
6.955228320690168
0.0
0.0
0.0
0.0
0.0
0.0
0.0
0.0
0.0
0.0
0.0
0.0
0.0
0.0
0.0
0.0
0.0
0.0
0.0
0.0
0.0
0.0
0.0
0.0
0.0
0.0
0.0
0.0
0.0
0.0
0.0
0.0
0.0
0.0
0.0
13.163228193390607
46.58249200476579
46.58249200476579
46.58249200476579
46.58249200476579
7.795698250454631
0.0
0.0
134.97621209703013
187.7159416981886
236.62400660398322
159.67864646104096
116.43300657961005
61.228918100779325
61.48436287013419
61.48436287013419
61.48436287013419
16.446434512587338
0.0
0.0
0.0
97.0930664267913
47.699840340606706
14.581253095577349
49.05461469085079
37.281066649304606
36.21686746987952
36.21686746987952
36.21686746987952
24.840101145322027
0.0
0.0
0.0
0.0
0.0
0.0
0.0
0.0
0.0
0.0
0.0
0.0
0.0
0.0
0.0
0.0
0.0
0.0
0.0
0.0
0.0
0.0
0.0
0.0
0.0
0.0
0.0
0.0
0.0
0.0
0.0
0.0
0.0
0.0
0.0
2.4920674735059882
46.45469367279112
46.58249200476579
46.58249200476579
45.49620618298112
0.12779833197466609
0.0
0.0
220.39712057588483
498.9736052789442
828.9018969467779
619.6873758018764
351.7682302866649
101.16368367632741
13.663191748918708
19.06099589663968
23.61539314627925
0.3373627592325607
0.0
0.0
0.0
0.0
0.0
0.0
18.99265867215992
36.21686746987952
36.21686746987952
36.21686746987952
36.21686746987952
34.676781198869556
0.39744161832515246
0.0
0.0
0.0
0.0
0.0
0.0
0.0
0.0
0.0
0.0
0.0
0.0
0.0
0.0
0.0
0.0
0.0
0.0
0.0
0.0
0.0
0.0
0.0
0.0
0.0
0.0
0.0
0.0
0.0
0.0
0.0
0.0
0.0
0.0
0.0
39.170188750235155
46.58249200476579
46.58249200476579
45.879601178905126
0.0
0.0
0.0
114.9513330560725
721.2008825072046
590.0677581296666
495.23184978914344
469.57098574861016
335.1165707515041
0.0
0.0
0.0
0.0
0.0
0.0
0.0
0.0
0.0
0.0
0.39744161832515246
28.91387773315484
36.21686746987952
36.21686746987952
36.21686746987952
36.21686746987952
8.097872973374981
0.0
0.0
0.0
0.0
0.0
0.0
0.0
0.0
8.104961072910156
1.4095584474626357
0.0
0.0
0.0
0.0
0.0
0.0
0.0
0.0
0.0
0.0
0.0
0.0
0.0
0.0
0.0
0.0
0.0
0.0
0.0
0.0
0.0
0.0
0.0
0.0
0.0
28.115633034426537
46.58249200476579
46.58249200476579
46.58249200476579
0.0
0.0
0.0
0.0
877.909024992636
829.5783743458144
590.0600798847636
861.4876082612681
742.4616344768118
0.0
0.0
0.0
0.0
0.0
0.0
0.0
0.0
0.0
0.0
0.0
5.3654618473895574
35.17358322177599
36.21686746987952
36.21686746987952
36.21686746987952
18.182954038375726
0.0
0.0
0.0
0.0
0.0
0.0
0.0
7.996533500028413
19.760925157697336
18.324259817014262
6.586975052565778
0.0
0.0
0.0
0.0
0.0
0.0
0.0
0.0
0.0
0.0
0.0
0.0
0.0
0.0
0.0
0.0
0.0
0.0
0.0
0.0
0.0
0.0
0.0
0.0
16.99717815263059
46.58249200476579
46.58249200476579
46.58249200476579
0.25559666394933217
0.0
0.0
0.0
386.02737422891585
600.2308767820244
466.85219811338106
578.3226341665202
323.588774497042
0.0
0.0
0.0
0.0
0.0
0.0
0.0
0.0
0.0
0.0
0.0
0.0
15.897664733006097
36.21686746987952
36.21686746987952
36.21686746987952
28.268035103376466
0.0
0.0
0.0
0.0
0.0
0.0
4.55395806103313
19.462749332272544
19.760925157697336
19.760925157697336
19.760925157697336
13.417912144115475
1.5721998067852474
0.0
0.0
0.0
0.0
0.0
0.0
0.0
0.0
0.0
0.0
0.0
0.0
0.0
0.0
0.0
0.0
0.0
0.0
0.0
0.0
0.0
0.0
0.0
0.0
0.0
0.3833949959239982
0.06389916598733304
0.0
0.0
0.0
33.52268933070268
111.74229776900894
133.54120503870087
133.54120503870087
113.75732281074518
0.0
0.0
0.0
0.0
0.0
0.0
0.0
0.0
0.0
0.0
0.0
0.0
0.14904060687193216
27.77123308047003
36.21686746987952
36.21686746987952
29.597181181231665
11.185455471169757
1.3095167380881667
0.0
0.0
0.0
0.0
14.88168437801898
19.760925157697336
19.760925157697336
19.760925157697336
19.760925157697336
19.760925157697336
18.3513667102347
0.8945274762743649
0.0
0.0
0.0
0.0
0.0
0.0
0.0
0.0
0.0
0.0
0.0
0.0
0.0
0.0
0.0
0.0
0.0
0.0
0.0
0.0
0.0
0.0
0.0
0.0
0.0
0.0
0.0
0.0
10.18406714769548
18.090119275511707
74.90224757804063
108.81135225375625
111.92548186371225
98.91941113977842
0.0
0.0
0.0
0.0
0.0
0.0
0.0
0.0
0.0
0.0
0.0
0.0
0.0
4.520898408448609
34.776141603450846
33.1996394836326
20.26991197157577
19.88828545971403
18.851584708727568
9.330306758878187
0.5456319742034027
0.0
0.0
0.21685514576348242
8.782633403421038
18.86639768142297
19.760925157697336
19.760925157697336
19.760925157697336
15.261180883105077
0.0
0.0
0.0
0.0
0.0
0.0
0.0
0.0
0.0
0.0
0.0
0.0
0.0
0.0
0.0
0.0
0.0
0.0
0.0
0.0
0.0
0.0
0.0
0.0
0.0
0.0
0.0
0.0
0.0
67.00044176115446
97.68664408776323
51.188337505522014
0.0
0.0
0.0
0.0
0.0
0.0
0.0
0.0
0.0
0.0
0.0
0.0
0.0
0.0
0.0
0.0
0.0
14.130725803129703
21.883461680363574
19.88828545971403
19.88828545971403
19.88828545971403
19.88828545971403
17.84216555645127
7.366031651745938
0.10912639484068055
0.0
0.0
1.707734272887424
12.57759845428198
19.7338182644769
19.760925157697336
7.020685344092743
0.0
0.0
0.0
0.0
0.0
0.0
0.0
0.0
0.0
0.0
0.0
0.0
0.0
0.0
0.0
0.0
0.0
0.0
0.0
0.0
0.0
0.0
0.0
0.0
0.0
0.0
0.0
0.0
0.0
86.69857163893388
97.68664408776323
63.51641878957444
0.0
0.0
0.0
0.0
0.0
0.0
0.0
0.0
0.0
0.0
0.0
0.0
0.0
0.0
0.0
0.0
0.0
3.5738894310322884
19.88828545971403
19.88828545971403
19.88828545971403
19.88828545971403
19.88828545971403
19.88828545971403
19.88828545971403
16.505367219652936
5.4836013407441975
0.0
0.0
0.0
4.608171847474001
15.288287776325511
0.48792407796783543
0.0
0.0
0.0
0.0
0.0
0.0
0.0
0.0
0.0
0.0
0.0
0.0
0.0
0.0
0.0
0.0
0.0
0.0
0.0
0.0
0.0
0.0
0.0
0.0
0.0
0.0
0.0
0.0
9.032477787392471
85.16736195791191
97.68664408776323
75.97850095714917
0.0
0.0
0.0
0.0
0.0
0.0
0.0
0.0
0.0
0.0
0.0
0.0
0.0
0.0
0.0
0.0
0.0
4.910687767830625
19.88828545971403
19.88828545971403
19.88828545971403
19.88828545971403
19.88828545971403
19.88828545971403
19.88828545971403
19.88828545971403
19.88828545971403
14.868471297042726
2.973694259408545
0.0
0.0
0.0
0.0
0.0
0.0
0.0
0.0
0.0
0.0
0.0
0.0
0.0
0.0
0.0
0.0
0.0
0.0
0.0
0.0
0.0
0.0
0.0
0.0
0.0
0.0
0.0
0.0
0.0
0.0
0.0
7.515605493133583
41.12539325842697
44.7399060407299
77.33138170130806
88.4405831247239
0.0
0.0
0.0
0.0
0.0
0.0
0.0
0.0
0.0
0.0
0.0
0.0
0.0
0.0
0.0
0.0
0.0
6.274767703339132
19.88828545971403
19.88828545971403
19.88828545971403
19.88828545971403
19.88828545971403
19.88828545971403
19.88828545971403
19.88828545971403
19.88828545971403
19.260808689380116
2.2370910942339512
0.0
0.0
0.0
0.0
0.0
0.0
0.0
0.0
0.0
0.0
0.0
0.0
0.0
0.0
0.0
0.0
0.0
0.0
0.0
0.0
0.0
0.0
0.0
0.0
0.0
0.0
0.0
0.0
0.0
0.0
0.0
39.261523096129835
43.83101123595505
43.83101123595505
43.83101123595505
41.560311457240076
0.0
0.0
0.0
0.0
0.0
0.0
0.0
0.0
0.0
0.0
0.0
0.0
0.0
0.0
0.0
0.0
0.0
7.693410836267979
19.88828545971403
19.88828545971403
19.88828545971403
19.88828545971403
19.88828545971403
19.88828545971403
19.88828545971403
19.88828545971403
19.88828545971403
9.575841147269719
0.0
0.0
0.0
0.0
0.0
0.0
0.0
0.0
0.0
0.0
0.0
0.0
0.0
0.0
0.0
0.0
0.0
0.0
0.0
0.0
0.0
0.0
0.0
0.0
0.0
0.0
0.0
0.0
0.0
0.0
0.0
0.0
42.20764044943821
43.83101123595505
43.83101123595505
43.83101123595505
30.423171036204746
0.0
0.0
0.0
0.0
0.0
0.0
0.0
0.0
0.0
0.0
0.0
0.0
0.0
0.0
0.0
0.0
0.0
2.209809495523781
10.721668293096865
18.11498154355297
19.88828545971403
19.88828545971403
19.88828545971403
19.88828545971403
19.88828545971403
19.88828545971403
17.105562391276678
0.40922398065255206
0.0
0.0
0.0
0.0
0.0
0.0
0.0
0.0
0.0
0.0
0.0
0.0
0.0
0.0
0.0
0.0
0.0
0.0
0.0
0.0
0.0
0.0
0.0
0.0
0.0
0.0
0.0
0.0
0.0
0.0
0.0
0.0
43.04938826466917
43.83101123595505
43.83101123595505
43.83101123595505
20.682946317103617
0.0
0.0
0.0
0.0
0.0
0.0
0.0
0.0
0.0
0.0
0.0
0.0
0.0
0.0
0.0
0.0
0.0
0.0
0.0
0.10912639484068055
5.156222156222156
12.658661801518944
19.124400695829266
19.88828545971403
19.88828545971403
19.88828545971403
5.319911748483177
0.0
0.0
0.0
0.0
0.0
0.0
0.0
0.0
0.0
0.0
0.0
0.0
0.0
0.0
0.0
0.0
0.0
0.0
0.0
0.0
0.0
0.0
0.0
0.0
0.0
0.0
0.0
0.0
0.0
0.0
0.0
0.0
0.0
42.20764044943821
43.83101123595505
43.83101123595505
43.83101123595505
11.72434456928839
0.0
0.0
0.0
0.0
0.0
0.0
0.0
0.0
0.0
0.0
0.0
0.0
0.0
0.0
0.0
0.0
0.0
0.0
0.0
0.0
0.0
0.0
0.6820399677542535
7.038652467223896
14.513810513810514
13.640799355085068
0.0
0.0
0.0
0.0
0.0
0.0
0.0
0.0
0.0
0.0
0.0
0.0
0.0
0.0
0.0
0.0
0.0
0.0
0.0
0.0
0.0
0.0
0.0
0.0
0.0
0.0
0.0
0.0
0.0
0.0
0.0
0.0
0.0
0.0
32.52754057428215
43.83101123595505
43.83101123595505
43.83101123595505
2.645493133583021
0.0
0.0
0.0
0.0
0.0
0.0
0.0
0.0
0.0
0.0
0.0
0.0
0.0
0.0
0.0
0.0
0.0
0.0
0.0
0.0
0.0
0.0
0.0
0.0
0.0
0.0
0.0
0.0
0.0
0.0
0.0
0.0
0.0
0.0
0.0
0.0
0.0
0.0
0.0
0.0
0.0
0.0
0.0
0.0
0.0
0.0
0.0
0.0
0.0
0.0
0.0
0.0
0.0
0.0
0.0
0.0
0.0
0.0
0.0
0.0
17.857078651685395
35.71415730337079
36.13503121098627
33.42941323345818
0.0
0.0
0.0
0.0
0.0
0.0
0.0
0.0
0.0
0.0
0.0
0.0
0.0
0.0
0.0
0.0
0.0
0.0
0.0
0.0
0.0
0.0
0.0
0.0
0.0
0.0
0.0
0.0
0.0
0.0
0.0
0.0
0.0
0.0
0.0
0.0
0.0
0.0
0.0
0.0
0.0
0.0
0.0
0.0
0.0
0.0
0.0
0.0
0.0
0.0
0.0
0.0
0.0
0.0
0.0
0.0
0.0
0.0
0.0
0.0
0.0
0.0
0.0
0.0
0.0
0.0
0.0
0.0
0.0
0.0
0.0
0.0
0.0
0.0
0.0
0.0
0.0
0.0
0.0
0.0
0.0
0.0
0.0
0.0
0.0
0.0
0.0
0.0
0.0
0.0
0.0
0.0
0.0
0.0
0.0
0.0
0.0
0.0
0.0
0.0
0.0
0.0
