0.0
0.0
0.0
0.0
0.0
0.0
0.0
0.0
0.0
27.843413828505113
147.11565415346158
0.32459938401106997
0.0
0.0
0.0
0.0
0.0
0.0
0.0
0.0
0.0
0.0
0.0
0.0
0.0
0.0
0.0
0.0
0.0
0.0
0.0
128.5413560683837
224.189974556979
139.37633273514197
143.32418452443787
5.034941412435343
0.0
0.0
0.0
0.0
0.0
0.0
0.0
0.0
0.0
0.0
0.0
0.0
0.0
0.0
0.0
0.0
0.0
181.70352184975226
103.02784248062417
201.85537844399875
183.77536155389
0.0
0.0
0.0
0.0
0.0
0.0
0.0
0.0
0.0
0.0
0.0
0.0
0.0
0.0
0.0
0.0
0.0
0.0
16.26603579877695
97.05125647678263
201.85537844399875
150.33305183152115
0.0
0.0
0.0
0.0
0.0
0.0
0.0
0.0
0.0
115.8809234507898
134.96719319562575
0.0
0.0
0.0
59.35342164870615
207.51458576429405
120.09060333585009
0.24710000686388908
3.380851812741992
205.8675842005696
242.19348608670975
174.46624145047338
61.56688307055718
32.32667475208675
5.306556324463152
0.0
0.0
51.597457627118644
118.79237288135593
136.0677966101695
7.093220338983051
46.432563791008505
54.71931956257595
0.0
17.934333958724203
9.035272045028144
57.17894158830393
348.4604296794564
348.7075296863203
199.6629296031552
196.06601968099125
283.1806484781605
228.7046814501936
171.14085090320128
163.42027537989586
190.11550260398087
171.5696297353214
0.027074266961546696
0.0
140.94915254237287
269.08474576271186
212.26271186440678
3.5084745762711864
0.0
0.0
0.0
183.656660412758
278.86754221388367
51.896060037523455
22.486100624613908
82.08662228018396
104.77927799613587
282.79080675422136
244.5590994371482
0.0
0.0
0.0
9.50306770350289
30.675144467432403
0.0
0.0
11.974576271186441
16.13135593220339
4.538135593220339
0.0
0.0
0.0
0.0
6.538086303939963
47.12870544090057
150.76295881925236
163.35075830913198
294.8997526083683
498.8052192840928
141.1165867575584
57.83771106941839
0.0
0.0
0.0
0.0
0.0
0.0
0.0
0.0
0.0
0.0
0.0
0.0
0.0
0.0
0.0
0.0
0.0
46.47047434656341
35.791653221469296
1396.2980480366398
1443.0876779792045
945.1413052782153
189.73837638376384
0.0
0.0
0.0
0.0
0.0
0.0
0.0
0.0
0.0
0.0
0.0
0.0
0.0
0.0
0.0
177.20232729656644
705.7559992141987
157.6623557871232
803.9011920078999
1611.1764290296398
1194.8388825885136
806.3167871063686
30.916255415570895
0.0
0.0
0.0
0.0
0.0
0.0
0.0
0.0
0.0
0.0
0.0
0.0
0.0
11.029673590504451
2081.867119776948
768.6251988786885
361.692330738526
1415.6013312188145
3237.520496004708
885.1359528721113
746.711892915634
2088.9512298867
716.4329331567269
0.0
0.0
0.0
0.0
0.0
0.0
0.0
0.0
0.0
0.0
0.0
0.0
0.0
4394.511128019878
682.7423308026446
142.3233941380535
1444.228237685766
1669.6382156391946
408.1996579722306
104.5171020194101
3325.8412029790734
4460.602290449081
555.0766361634537
2.281965328991476
0.0
0.0
0.0
0.0
0.0
0.0
0.0
0.0
0.0
0.0
0.0
941.9812050832425
563.6133920799413
369.214755418202
997.1915581899603
2263.9593357375848
583.7382351533304
311.05192691378767
1337.712830890538
5473.837740741663
467.2124732264401
91.94029832268545
0.0
0.0
0.0
0.0
0.0
0.0
0.0
0.0
0.0
0.0
0.0
0.0
355.4021102262372
261.68423867823606
817.1187740579078
3466.3749510792577
888.4513535512981
212.6652840491442
257.96179938653563
514.0117891122839
339.9638338197931
248.64601895064348
0.0
0.0
0.36256039958738256
0.0
0.0
0.0
0.0
0.0
0.0
0.0
0.0
0.0
207.54267205515274
206.14976821585643
529.7324271630125
5138.025976336192
2456.069684986578
0.0
0.0
0.0
143.12261349172678
326.44237024466133
14.931451613938835
0.0
90.64009989684565
125.18692654324339
16.289320810033118
0.0
0.0
0.0
0.0
0.0
0.0
0.0
0.0
0.0
178.6471663619744
556.2161232333914
262.7062353629977
0.0
0.0
0.0
1.700466694951209
202.00548520823386
163.45522418176682
69.23297953912588
44.183812123231476
149.5302676583962
49.17872848688854
0.0
0.0
0.0
0.0
0.0
0.0
0.0
0.0
3.0553986114436196
373.7364606999504
390.05142061581245
0.0
0.0
0.0
0.0
0.0
112.85390855159612
183.0989144033254
183.0989144033254
126.21784575648735
2.330745425918888
0.9064009989684565
0.0
0.0
0.0
0.0
0.0
0.0
0.0
0.0
30.5539861144362
406.7715585348336
165.04917404836007
0.0
0.0
0.0
0.0
0.0
37.62661931474232
113.37289640421325
173.5495379151701
51.48359497961984
0.0
0.0
0.0
0.0
0.0
0.0
0.0
0.0
0.0
0.0
3.920134067512569
283.6332295906153
67.04582236054586
0.0
0.0
0.0
0.0
0.0
0.0
0.0
4.852536421970217
0.0
0.0
0.0
0.0
0.0
0.0
0.0
0.0
0.0
0.0
0.0
0.0
0.0
0.0
0.0
0.0
0.0
0.0
0.0
0.0
0.0
0.0
0.0
0.0
0.0
0.0
